desc: I1 cache:         32768 B, 64 B, 4-way associative
desc: D1 cache:         32768 B, 64 B, 8-way associative
desc: LL cache:         3145728 B, 64 B, 12-way associative
cmd: ./programa1
events: Ir I1mr ILmr Dr D1mr DLmr Dw D1mw DLmw 
fl=/build/buildd/glibc-2.21/csu/../csu/init-first.c
fn=_init
52 9 1 1 2 0 0 5 0 0
58 4 0 0 1 1 0 1 1 1
65 5 2 2 4 2 0 0 0 0
70 2 0 0 1 0 0 1 0 0
71 1 1 1 0 0 0 1 1 1
72 2 0 0 1 1 0 1 1 1
86 5 0 0 1 0 0 4 0 0
94 1 0 0 0 0 0 1 0 0
99 7 0 0 5 0 0 0 0 0
fl=/build/buildd/glibc-2.21/csu/../sysdeps/i386/i686/dl-hash.h
fn=_init
35 68 2 2 10 1 1 0 0 0
fl=/build/buildd/glibc-2.21/csu/../sysdeps/unix/sysv/linux/i386/init-first.c
fn=_init
40 7 0 0 0 0 0 4 0 0
42 3 0 0 0 0 0 1 0 0
44 3 0 0 0 0 0 0 0 0
45 2 0 0 1 0 0 0 0 0
46 1 0 0 0 0 0 1 1 0
fn=clock_gettime_syscall
34 12 0 0 6 0 0 2 0 0
35 2 0 0 2 0 0 0 0 0
fl=/build/buildd/glibc-2.21/csu/../sysdeps/x86_64/multiarch/init-arch.c
fn=__init_cpu_features
31 8 0 0 0 0 0 4 0 0
37 4 0 0 0 0 0 0 0 0
38 4 0 0 0 0 0 0 0 0
39 3 1 1 0 0 0 1 0 0
45 7 2 2 0 0 0 5 0 0
54 6 0 0 0 0 0 1 0 0
57 10 0 0 0 0 0 0 0 0
59 4 0 0 0 0 0 3 0 0
65 3 0 0 0 0 0 0 0 0
66 2 0 0 0 0 0 0 0 0
71 3 0 0 0 0 0 1 0 0
74 1 0 0 0 0 0 0 0 0
75 3 0 0 0 0 0 0 0 0
105 3 2 2 0 0 0 0 0 0
156 2 1 1 1 0 0 0 0 0
157 9 1 1 0 0 0 4 0 0
164 3 0 0 1 0 0 0 0 0
196 4 3 3 1 0 0 0 0 0
197 4 0 0 0 0 0 0 0 0
198 2 0 0 0 0 0 0 0 0
199 1 1 1 0 0 0 0 0 0
201 1 0 0 0 0 0 1 0 0
202 1 0 0 0 0 0 1 0 0
204 2 0 0 1 0 0 1 0 0
205 6 0 0 5 0 0 0 0 0
fl=/build/buildd/glibc-2.21/csu/libc-start.c
fn=(below main)
134 8 1 1 1 0 0 5 0 0
138 7 3 3 1 1 0 1 0 0
218 2 0 0 0 0 0 0 0 0
219 6 0 0 0 0 0 4 0 0
241 4 0 0 2 0 0 0 0 0
244 2 0 0 1 0 0 0 0 0
245 7 1 1 5 0 0 5 0 0
249 4 0 0 2 1 0 0 0 0
264 2 0 0 0 0 0 0 0 0
276 4 0 0 0 0 0 2 0 0
277 3 0 0 0 0 0 0 0 0
282 2 0 0 1 1 0 1 0 0
283 2 0 0 1 0 0 1 0 0
286 2 0 0 0 0 0 1 0 0
289 7 0 0 5 0 0 4 0 0
323 3 0 0 0 0 0 2 0 0
fl=/build/buildd/glibc-2.21/ctype/ctype-info.c
fn=__ctype_init
29 4 1 1 0 0 0 3 0 0
31 8 1 1 6 2 0 1 0 0
33 4 0 0 2 0 0 1 0 0
35 4 1 1 2 0 0 1 0 0
36 3 0 0 3 0 0 0 0 0
fl=/build/buildd/glibc-2.21/dirent/../sysdeps/posix/closedir.c
fn=closedir
31 6 0 0 1 0 0 3 0 0
34 2 0 0 0 0 0 0 0 0
44 1 0 0 1 0 0 0 0 0
50 3 0 0 0 0 0 2 0 0
52 2 1 1 0 0 0 1 0 0
53 3 0 0 2 0 0 0 0 0
fl=/build/buildd/glibc-2.21/dirent/../sysdeps/posix/opendir.c
fn=__alloc_dir
181 10 1 1 1 0 0 5 0 0
186 2 0 0 0 0 0 0 0 0
198 2 0 0 0 0 0 0 0 0
202 2 0 0 0 0 0 0 0 0
207 3 1 1 0 0 0 2 0 0
208 3 0 0 0 0 0 0 0 0
222 1 1 1 0 0 0 0 0 0
226 1 0 0 0 0 0 1 0 0
228 1 0 0 0 0 0 1 0 0
230 1 0 0 0 0 0 1 0 0
231 1 0 0 0 0 0 1 0 0
232 1 0 0 0 0 0 1 0 0
233 1 1 1 0 0 0 1 0 0
234 1 0 0 0 0 0 1 0 0
237 6 0 0 5 1 0 0 0 0
fn=__opendirat
87 4 1 1 0 0 0 2 0 0
91 2 1 1 1 1 1 0 0 0
129 5 0 0 0 0 0 5 0 0
131 3 0 0 0 0 0 0 0 0
152 6 0 0 0 0 0 2 0 0
153 3 0 0 2 1 0 0 0 0
fn=opendir
159 4 1 1 0 0 0 2 0 0
160 3 0 0 1 0 0 1 0 0
161 3 1 1 2 0 0 0 0 0
fl=/build/buildd/glibc-2.21/dirent/../sysdeps/posix/readdir.c
fn=readdir64@@GLIBC_2.2
39 144 1 1 18 0 0 90 0 0
41 72 1 1 54 1 0 18 0 0
44 126 0 0 54 0 0 0 0 0
51 52 1 1 18 0 0 0 0 0
65 44 0 0 4 0 0 2 0 0
66 4 0 0 0 0 0 0 0 0
71 1 0 0 0 0 0 0 0 0
76 4 0 0 2 0 0 1 0 0
77 1 0 0 0 0 0 0 0 0
80 4 0 0 0 0 0 1 0 0
89 17 0 0 17 7 7 0 0 0
102 34 0 0 0 0 0 17 0 0
105 34 0 0 17 0 0 17 0 0
111 51 0 0 34 0 0 0 0 0
114 72 1 1 36 0 0 0 0 0
118 126 0 0 90 0 0 0 0 0
fl=/build/buildd/glibc-2.21/dirent/../sysdeps/unix/sysv/linux/getdents.c
fn=__getdents64
96 14 1 1 0 0 0 8 0 0
160 16 0 0 2 0 0 2 0 0
301 8 1 1 8 0 0 0 0 0
fl=/build/buildd/glibc-2.21/elf/../elf/dl-sysdep.c
fn=_dl_sysdep_start
86 8 2 2 1 0 0 5 0 0
110 1 0 0 0 0 0 1 0 0
111 305 1 1 75 5 5 4 2 2
114 2 0 0 0 0 0 1 1 1
115 1 0 0 0 0 0 1 1 1
117 110 3 3 32 3 3 13 1 1
118 108 0 0 17 2 2 0 0 0
121 2 0 0 1 0 0 1 0 0
122 1 0 0 0 0 0 0 0 0
124 2 0 0 1 0 0 1 0 0
125 1 0 0 0 0 0 0 0 0
127 2 1 1 1 0 0 1 0 0
128 1 0 0 0 0 0 0 0 0
130 2 0 0 1 0 0 1 0 0
131 1 0 0 0 0 0 0 0 0
151 2 1 1 1 0 0 1 0 0
152 1 0 0 0 0 0 0 0 0
154 1 0 0 1 0 0 0 0 0
155 1 0 0 0 0 0 0 0 0
157 4 1 1 1 0 0 2 0 0
158 1 0 0 0 0 0 0 0 0
163 2 0 0 1 0 0 1 0 0
164 1 0 0 0 0 0 0 0 0
179 2 0 0 1 0 0 1 0 0
180 1 0 0 0 0 0 0 0 0
212 25 2 2 11 0 0 12 0 0
232 6 1 1 0 0 0 3 0 0
234 7 0 0 0 0 0 2 0 0
246 3 0 0 1 0 0 0 0 0
249 6 1 1 2 0 0 5 0 0
250 1 1 0 1 1 0 0 0 0
251 6 0 0 5 1 0 0 0 0
fn=_dl_sysdep_start_cleanup
256 1 1 1 1 0 0 0 0 0
fl=/build/buildd/glibc-2.21/elf/../misc/sbrk.c
fn=sbrk
34 6 1 1 1 0 0 4 0 0
42 6 1 1 2 1 1 0 0 0
46 2 0 0 0 0 0 0 0 0
57 5 0 0 4 0 0 0 0 0
fl=/build/buildd/glibc-2.21/elf/../sysdeps/i386/dl-irel.h
fn=_dl_fixup
32 4 1 1 0 0 0 2 0 0
fl=/build/buildd/glibc-2.21/elf/../sysdeps/i386/dl-machine.h
fn=_dl_fixup
241 62 0 0 31 0 0 31 0 0
fn=_dl_relocate_object
70 38 1 1 16 0 0 0 0 0
76 10 0 0 10 4 0 0 0 0
80 15 0 0 5 5 4 0 0 0
85 10 0 0 5 0 0 5 0 0
93 15 0 0 5 0 0 0 0 0
101 30 1 1 24 1 0 0 0 0
106 10 1 1 0 0 0 5 0 0
276 128 0 0 0 0 0 0 0 0
279 261 0 0 0 0 0 5 0 0
296 256 0 0 0 0 0 0 0 0
305 6431 11 11 1910 120 108 1301 2 0
306 470 1 1 230 1 1 5 0 0
308 26 1 1 0 0 0 0 0 0
309 460 0 0 115 0 0 0 0 0
315 640 1 1 128 6 6 0 0 0
325 305 1 1 105 0 0 100 2 0
338 10 0 0 0 0 0 0 0 0
339 20 0 0 10 0 0 5 1 1
347 4 1 1 2 0 0 1 0 0
357 32 1 1 0 0 0 11 0 0
369 8 1 1 0 0 0 4 0 0
408 91 1 1 52 6 6 0 0 0
409 39 0 0 0 0 0 13 0 0
416 27 1 1 18 6 5 0 0 0
470 78 3 3 36 0 0 12 0 0
578 12 0 0 0 0 0 6 0 0
607 2662 0 0 1333 0 0 0 0 0
608 1325 0 0 1325 148 143 0 0 0
628 441 0 0 294 0 0 0 0 0
629 294 0 0 147 18 18 0 0 0
631 294 0 0 0 0 0 0 0 0
633 572 0 0 286 0 0 0 0 0
634 143 0 0 143 7 6 0 0 0
639 8 0 0 0 0 0 0 0 0
686 8 1 1 0 0 0 0 0 0
688 12 1 1 12 0 0 0 0 0
689 12 0 0 4 0 0 0 0 0
690 4 0 0 0 0 0 4 0 0
fn=_dl_start
57 3 0 0 1 1 1 0 0 0
276 7 0 0 0 0 0 0 0 0
306 21 0 0 21 0 0 0 0 0
309 28 0 0 7 4 4 0 0 0
315 42 0 0 7 1 1 0 0 0
325 21 1 1 7 0 0 7 1 1
377 2 0 0 0 0 0 1 0 0
607 24 0 0 12 1 1 0 0 0
608 11 0 0 11 2 2 0 0 0
fn=_dl_sysdep_start
231 6 1 1 2 1 1 0 0 0
fl=/build/buildd/glibc-2.21/elf/../sysdeps/i386/dl-procinfo.h
fn=_dl_important_hwcaps
70 4 0 0 2 0 0 0 0 0
fn=_dl_load_cache_lookup
100 12 1 1 0 0 0 0 0 0
101 36 0 0 0 0 0 0 0 0
103 84 0 0 12 0 0 36 0 0
104 3 1 1 0 0 0 0 0 0
fl=/build/buildd/glibc-2.21/elf/../sysdeps/i386/dl-trampoline.S
fn=_dl_runtime_resolve
28 31 1 1 0 0 0 31 0 0
30 31 0 0 0 0 0 31 0 0
32 31 0 0 0 0 0 31 0 0
34 31 0 0 31 0 0 0 0 0
35 31 0 0 31 0 0 0 0 0
36 31 0 0 0 0 0 31 0 0
37 31 0 0 31 0 0 0 0 0
39 31 0 0 31 0 0 0 0 0
40 31 0 0 0 0 0 31 0 0
41 31 0 0 31 0 0 0 0 0
42 31 0 0 31 0 0 0 0 0
fl=/build/buildd/glibc-2.21/elf/../sysdeps/i386/nptl/tls.h
fn=init_tls
178 1 0 0 0 0 0 1 0 0
180 1 0 0 0 0 0 1 0 0
182 1 0 0 0 0 0 1 0 0
190 1 0 0 0 0 0 1 0 0
fl=/build/buildd/glibc-2.21/elf/../sysdeps/unix/sysv/linux/dl-osinfo.h
fn=dl_main
64 2 0 0 1 0 0 0 0 0
77 1 0 0 1 0 0 0 0 0
fl=/build/buildd/glibc-2.21/elf/../sysdeps/unix/sysv/linux/dl-sysdep.c
fn=_dl_discover_osversion
45 7 2 2 0 0 0 5 0 0
47 4 0 0 1 0 0 1 1 1
87 8 1 1 0 0 0 2 0 0
102 1 0 0 0 0 0 0 0 0
106 1 0 0 0 0 0 0 0 0
107 1 0 0 0 0 0 0 0 0
109 12 1 1 3 1 1 0 0 0
111 6 0 0 0 0 0 0 0 0
113 17 0 0 4 0 0 0 0 0
115 1 0 0 0 0 0 0 0 0
116 2 0 0 0 0 0 0 0 0
119 3 0 0 0 0 0 0 0 0
120 3 0 0 0 0 0 0 0 0
121 3 0 0 0 0 0 0 0 0
123 13 1 1 0 0 0 0 0 0
128 2 0 0 0 0 0 0 0 0
131 1 0 0 0 0 0 0 0 0
132 6 0 0 5 0 0 0 0 0
fn=_dl_sysdep_start
35 3 0 0 0 0 0 2 0 0
fl=/build/buildd/glibc-2.21/elf/../sysdeps/unix/sysv/linux/dl-vdso.c
fn=_dl_vdso_vsym
26 6 1 1 0 0 0 4 0 0
27 2 0 0 2 0 0 0 0 0
28 1 0 0 0 0 0 0 0 0
31 2 0 0 0 0 0 0 0 0
49 5 1 1 4 0 0 0 0 0
fl=/build/buildd/glibc-2.21/elf/../sysdeps/unix/sysv/linux/i386/brk.c
fn=brk
33 4 1 1 1 0 0 2 0 0
37 5 0 0 0 0 0 0 0 0
39 1 0 0 0 0 0 1 0 0
41 2 0 0 0 0 0 0 0 0
47 1 0 0 0 0 0 0 0 0
48 2 0 0 2 0 0 0 0 0
fl=/build/buildd/glibc-2.21/elf/./dl-load.h
fn=_dl_map_object_from_fd
90 16 0 0 8 0 0 0 0 0
91 12 0 0 8 0 0 4 0 0
93 24 1 1 8 0 0 0 0 0
94 21 2 2 9 0 0 3 0 0
95 30 1 1 15 0 0 3 0 0
96 12 0 0 6 0 0 0 0 0
98 9 0 0 0 0 0 3 0 0
fl=/build/buildd/glibc-2.21/elf/./dl-map-segments.h
fn=_dl_map_object_from_fd
37 4 0 0 0 0 0 4 0 0
50 8 0 0 4 0 0 0 0 0
56 48 1 1 12 0 0 36 1 1
60 12 0 0 0 0 0 0 0 0
63 12 1 1 4 0 0 4 0 0
64 8 0 0 0 0 0 4 0 0
66 8 0 0 4 0 0 0 0 0
76 8 0 0 8 0 0 0 0 0
86 48 0 0 16 0 0 0 0 0
88 16 0 0 8 0 0 0 0 0
90 60 2 2 16 0 0 32 0 0
100 32 0 0 16 0 0 0 0 0
106 8 0 0 4 0 0 0 0 0
107 8 1 1 4 0 0 4 0 0
108 32 0 0 16 0 0 4 0 0
109 12 0 0 0 0 0 4 0 0
116 12 1 1 0 0 0 4 0 0
119 8 0 0 4 0 0 0 0 0
127 32 0 0 4 0 0 16 0 0
133 12 0 0 8 0 0 0 0 0
137 22 1 1 6 0 0 14 0 0
140 6 0 0 0 0 0 0 0 0
145 8 0 0 0 0 0 0 0 0
fl=/build/buildd/glibc-2.21/elf/dl-addr.c
fn=_dl_addr
30 2 0 0 1 0 0 1 0 0
31 2 0 0 1 0 0 1 0 0
34 2 1 1 1 0 0 0 0 0
38 1 0 0 0 0 0 0 0 0
39 3 0 0 2 0 0 1 0 0
40 3 0 0 2 0 0 1 0 0
42 3 0 0 2 0 0 1 0 0
45 3 0 0 1 0 0 0 0 0
50 2031 1 1 1013 0 0 3 0 0
52 2022 0 0 2022 59 17 0 0 0
53 2022 0 0 0 0 0 0 0 0
55 5466 1 1 1822 0 0 911 0 0
61 7152 0 0 2384 586 494 0 0 0
63 11920 1 1 2384 0 0 0 0 0
64 17233 0 0 8475 0 0 0 0 0
66 2022 1 1 2022 0 0 0 0 0
71 11920 0 0 7152 144 84 0 0 0
99 3 0 0 1 1 0 0 0 0
100 1 0 0 0 0 0 1 1 0
101 3 0 0 1 0 0 0 0 0
104 3 1 1 1 0 0 0 0 0
116 2 1 1 1 0 0 1 0 0
117 2 0 0 0 0 0 1 0 0
126 12 2 2 0 0 0 8 0 0
131 5 0 0 3 0 0 2 0 0
133 3 0 0 0 0 0 1 0 0
135 3 0 0 0 0 0 0 0 0
138 1 0 0 0 0 0 0 0 0
141 5 0 0 2 2 0 2 0 0
144 7 1 1 5 0 0 0 0 0
fl=/build/buildd/glibc-2.21/elf/dl-altinit.c
fn=dlinit_alt
33 4 0 0 3 0 0 0 0 0
41 3 0 0 0 0 0 2 0 0
43 2 1 1 2 0 0 0 0 0
fl=/build/buildd/glibc-2.21/elf/dl-cache.c
fn=_dl_cache_libcmp
138 162 1 1 0 0 0 108 0 0
139 603 0 0 153 0 0 0 0 0
141 441 0 0 0 0 0 0 0 0
143 165 1 1 150 0 0 0 0 0
149 12 0 0 0 0 0 0 0 0
150 15 1 1 3 0 0 3 0 0
151 15 0 0 3 0 0 0 0 0
153 21 0 0 9 0 0 3 0 0
155 6 0 0 0 0 0 0 0 0
161 720 1 1 144 24 24 0 0 0
163 576 1 1 0 0 0 0 0 0
164 120 0 0 0 0 0 0 0 0
167 120 0 0 0 0 0 0 0 0
168 120 0 0 120 0 0 0 0 0
171 6 0 0 3 0 0 0 0 0
172 135 0 0 108 0 0 0 0 0
fn=_dl_load_cache_lookup
185 27 1 1 0 0 0 18 0 0
193 6 1 1 3 0 0 0 0 0
196 9 0 0 3 0 0 0 0 0
199 5 1 1 0 0 0 1 0 0
207 5 0 0 1 0 0 0 0 0
208 9 1 1 0 0 0 4 0 0
212 1 0 0 0 0 0 1 0 0
215 3 0 0 1 0 0 0 0 0
218 2 0 0 0 0 0 1 0 0
219 3 0 0 0 0 0 0 0 0
220 9 1 1 0 0 0 4 0 0
229 2 0 0 0 0 0 0 0 0
241 6 0 0 2 0 0 0 0 0
247 12 0 0 3 0 0 3 0 0
256 9 0 0 0 0 0 3 0 0
258 6 0 0 3 0 0 3 0 0
260 30 1 1 0 0 0 6 0 0
262 18 1 1 0 0 0 12 0 0
266 48 1 1 24 0 0 18 0 0
267 3 0 0 0 0 0 0 0 0
281 761 7 7 252 22 22 65 0 0
297 6 0 0 3 0 0 0 0 0
301 9 0 0 3 0 0 0 0 0
309 33 1 1 3 0 0 6 0 0
310 15 0 0 0 0 0 12 0 0
311 9 0 0 0 0 0 6 0 0
312 24 1 1 15 0 0 3 0 0
fn=_dl_unload_cache
321 4 1 1 0 0 0 2 0 0
322 4 1 0 1 1 0 0 0 0
324 4 0 0 1 0 0 3 0 0
325 2 0 0 0 0 0 1 0 0
327 3 0 0 2 0 0 0 0 0
fl=/build/buildd/glibc-2.21/elf/dl-debug.c
fn=_dl_debug_initialize
47 18 1 1 0 0 0 12 0 0
50 12 0 0 0 0 0 0 0 0
51 6 1 1 6 0 0 0 0 0
55 22 0 0 6 0 0 0 0 0
58 1 0 0 0 0 0 1 0 0
59 2 0 0 0 0 0 1 0 0
60 3 0 0 1 0 0 1 0 0
61 2 0 0 0 0 0 1 0 0
65 18 0 0 12 0 0 0 0 0
fn=_dl_debug_state
74 2 1 1 2 0 0 0 0 0
fl=/build/buildd/glibc-2.21/elf/dl-deps.c
fn=_dl_map_object_deps
144 3 0 0 0 0 0 2 0 0
145 2 1 1 0 0 0 2 0 0
146 4 1 1 0 0 0 2 0 0
152 8 0 0 2 0 0 2 0 0
160 10 2 2 0 0 0 6 0 0
161 12 0 0 0 0 0 3 0 0
178 17 0 0 5 0 0 3 0 0
179 1 0 0 1 0 0 0 0 0
182 3 1 1 0 0 0 2 0 0
188 1 0 0 0 0 0 1 0 0
189 1 0 0 0 0 0 1 0 0
201 2 0 0 1 0 0 1 0 0
202 1 0 0 0 0 0 1 0 0
203 1 0 0 0 0 0 1 0 0
204 2 0 0 0 0 0 2 0 0
209 8 1 1 0 0 0 7 0 0
210 4 0 0 0 0 0 2 0 0
213 12 1 1 6 0 0 6 0 0
217 24 0 0 12 0 0 0 0 0
218 42 1 1 16 0 0 0 0 0
220 4 0 0 0 0 0 0 0 0
222 16 0 0 8 0 0 4 0 0
224 30 1 1 2 0 0 6 0 0
229 36 0 0 16 0 0 0 0 0
231 16 0 0 12 0 0 4 0 0
236 4 0 0 0 0 0 4 0 0
237 8 0 0 0 0 0 4 0 0
238 8 1 1 4 0 0 4 0 0
239 8 0 0 4 0 0 4 0 0
242 468 0 0 120 0 0 8 0 0
243 216 1 1 0 0 0 0 0 0
249 72 0 0 16 0 0 24 0 0
251 8 0 0 0 0 0 8 0 0
254 64 0 0 8 0 0 24 0 0
256 40 1 1 24 0 0 0 0 0
271 8 0 0 8 0 0 0 0 0
273 16 0 0 8 0 0 0 0 0
278 12 0 0 0 0 0 0 0 0
281 4 0 0 0 0 0 4 0 0
282 4 0 0 0 0 0 4 0 0
283 4 0 0 0 0 0 4 0 0
284 8 0 0 4 0 0 4 0 0
286 4 0 0 4 0 0 0 0 0
288 24 1 1 4 0 0 8 0 0
292 24 0 0 8 0 0 0 0 0
293 20 0 0 5 0 0 10 0 0
295 300 0 0 0 0 0 0 0 0
317 2 0 0 0 0 0 1 0 0
423 25 1 1 10 0 0 10 0 0
459 18 1 1 6 0 0 0 0 0
461 12 1 1 4 0 0 4 0 0
463 16 0 0 0 0 0 8 0 0
464 4 0 0 0 0 0 0 0 0
465 12 0 0 0 0 0 0 0 0
468 8 0 0 4 0 0 4 0 0
469 32 0 0 4 0 0 20 0 0
470 28 0 0 4 0 0 16 0 0
473 8 0 0 4 0 0 4 0 0
474 8 0 0 4 0 0 0 0 0
478 36 1 1 18 0 0 0 0 0
480 6 1 1 6 0 0 0 0 0
481 27 0 0 5 0 0 0 0 0
485 6 1 1 2 0 0 0 0 0
486 2 1 1 0 0 0 1 0 0
489 5 0 0 2 0 0 1 0 0
499 4 0 0 0 0 0 3 0 0
500 2 1 1 1 0 0 0 0 0
502 3 0 0 0 0 0 0 0 0
507 6 0 0 3 0 0 1 0 0
508 1 0 0 0 0 0 1 0 0
510 21 1 1 7 0 0 0 0 0
512 24 1 1 12 0 0 0 0 0
516 24 0 0 12 0 0 6 1 1
520 6 0 0 6 0 0 0 0 0
523 3 0 0 1 0 0 1 0 0
574 7 1 1 3 0 0 2 0 0
575 1 1 1 0 0 0 1 0 0
576 5 0 0 2 0 0 1 0 0
611 9 1 1 3 0 0 5 0 0
613 3 0 0 0 0 0 0 0 0
617 18 1 1 11 0 0 4 0 0
618 8 1 1 1 0 0 2 0 0
619 9 0 0 1 0 0 4 0 0
623 20 0 0 5 0 0 10 0 0
624 30 1 1 10 0 0 10 0 0
630 48 0 0 19 0 0 4 0 0
632 20 0 0 20 0 0 0 0 0
633 32 0 0 0 0 0 0 0 0
635 63 0 0 21 0 0 0 0 0
636 45 1 1 0 0 0 0 0 0
658 30 0 0 20 0 0 0 0 0
661 16 0 0 11 0 0 0 0 0
664 64 1 1 12 0 0 24 0 0
671 3 0 0 2 0 0 1 0 0
673 2 1 1 1 0 0 1 0 0
674 1 0 0 1 0 0 0 0 0
675 3 0 0 1 0 0 0 0 0
682 3 0 0 1 0 0 0 0 0
685 3 1 1 1 0 0 0 0 0
688 6 0 0 5 0 0 0 0 0
fn=openaux
60 24 1 1 8 0 0 8 0 0
63 80 0 0 32 0 0 40 1 1
64 16 0 0 8 0 0 0 0 0
67 8 0 0 8 0 0 0 0 0
68 24 0 0 16 0 0 0 0 0
fl=/build/buildd/glibc-2.21/elf/dl-environ.c
fn=_dl_next_ld_env_entry
30 3 1 1 3 0 0 0 0 0
31 2 0 0 0 0 0 0 0 0
33 223 0 0 74 0 0 0 0 0
35 146 0 0 73 29 29 0 0 0
36 40 0 0 20 4 4 0 0 0
38 2 0 0 0 0 0 0 0 0
41 6 0 0 0 0 0 2 0 0
46 71 0 0 0 0 0 0 0 0
50 6 0 0 3 0 0 0 0 0
fl=/build/buildd/glibc-2.21/elf/dl-error.c
fn=_dl_catch_error
163 54 1 1 0 0 0 36 0 0
175 18 0 0 0 0 0 18 0 0
176 18 0 0 0 0 0 18 0 0
177 18 0 0 0 0 0 18 0 0
178 18 0 0 0 0 0 9 0 0
180 27 1 1 9 0 0 18 1 1
181 18 0 0 9 0 0 9 0 0
182 18 0 0 0 0 0 9 0 0
185 81 0 0 0 0 0 27 0 0
187 36 0 0 18 0 0 18 0 0
188 27 1 1 18 0 0 9 0 0
189 18 0 0 9 0 0 9 0 0
190 18 0 0 9 0 0 9 0 0
191 18 0 0 9 0 0 9 0 0
199 54 0 0 36 0 0 0 0 0
fn=_dl_receive_error
205 10 1 1 0 0 0 7 0 0
206 2 0 0 1 0 0 1 0 0
210 2 0 0 1 0 0 1 0 0
211 1 0 0 1 0 0 0 0 0
214 1 1 1 0 0 0 1 0 0
215 1 0 0 0 0 0 1 0 0
217 5 0 0 2 0 0 2 0 0
219 2 0 0 1 0 0 1 0 0
220 1 0 0 0 0 0 1 0 0
221 6 0 0 5 0 0 0 0 0
fl=/build/buildd/glibc-2.21/elf/dl-fini.c
fn=_dl_fini
131 8 1 1 0 0 0 5 0 0
153 18 1 1 4 1 1 7 0 0
156 4 1 1 3 1 1 2 0 0
159 2 1 1 2 1 1 0 0 0
162 3 0 0 0 0 0 0 0 0
164 6 0 0 3 0 0 0 0 0
171 4 0 0 1 0 0 1 0 0
175 3 0 0 1 0 0 0 0 0
177 3 1 1 1 0 0 0 0 0
180 7 0 0 0 0 0 2 0 0
183 4 0 0 2 0 0 0 0 0
191 21 0 0 6 0 0 1 0 0
193 12 0 0 6 0 0 0 0 0
195 12 0 0 0 0 0 0 0 0
197 6 0 0 0 0 0 6 0 0
198 6 1 1 0 0 0 6 5 5
199 6 0 0 0 0 0 0 0 0
203 6 0 0 6 0 0 0 0 0
205 2 0 0 0 0 0 0 0 0
210 7 1 1 3 0 0 2 0 0
219 3 0 0 3 0 0 2 0 0
223 28 0 0 18 0 0 1 0 0
225 18 0 0 18 0 0 0 0 0
227 18 1 1 6 0 0 0 0 0
230 12 0 0 0 0 0 6 0 0
233 18 0 0 6 6 6 0 0 0
234 6 1 1 2 0 0 0 0 0
237 8 0 0 4 0 0 0 0 0
239 7 0 0 2 0 0 2 0 0
248 12 0 0 8 0 0 0 0 0
249 12 0 0 8 0 0 0 0 0
251 42 1 1 8 0 0 4 0 0
252 5 0 0 5 4 4 5 0 0
256 8 0 0 0 0 0 0 0 0
257 12 0 0 8 2 2 4 0 0
262 48 1 1 12 1 1 6 0 0
278 6 0 0 6 0 0 0 0 0
283 6 1 1 2 0 0 0 0 0
289 2 0 0 1 0 0 0 0 0
296 6 0 0 5 0 0 0 0 0
fn=_dl_sort_fini
32 10 1 1 0 0 0 6 0 0
34 2 1 1 0 0 0 0 0 0
39 7 0 0 1 0 0 3 0 0
40 7 0 0 0 0 0 2 0 0
41 12 1 1 2 0 0 5 0 0
45 20 0 0 5 0 0 10 0 0
46 25 0 0 10 0 0 5 0 0
50 35 1 1 10 0 0 5 0 0
56 14 0 0 5 0 0 6 0 0
57 54 1 1 19 0 0 12 0 0
59 30 0 0 30 0 0 0 0 0
60 26 0 0 0 0 0 0 0 0
62 63 1 1 21 2 2 0 0 0
63 45 0 0 0 0 0 0 0 0
82 1 0 0 0 0 0 0 0 0
93 30 1 1 10 0 0 0 0 0
114 30 0 0 30 0 0 0 0 0
118 15 0 0 5 0 0 5 0 0
121 63 1 1 18 0 0 16 0 0
125 6 0 0 5 0 0 0 0 0
fl=/build/buildd/glibc-2.21/elf/dl-hwcaps.c
fn=_dl_important_hwcaps
39 12 1 1 0 0 0 8 0 0
41 6 1 1 4 0 0 2 0 0
42 4 0 0 1 0 0 2 0 0
51 386 0 0 56 0 0 0 0 0
52 216 0 0 54 0 0 0 0 0
53 54 1 1 27 0 0 0 0 0
61 5 0 0 1 0 0 1 0 0
113 2 0 0 1 0 0 0 0 0
115 8 1 1 0 0 0 3 0 0
130 8 1 1 0 0 0 1 0 0
131 1 0 0 0 0 0 1 0 0
162 75 1 1 8 0 0 3 0 0
163 270 1 1 54 0 0 0 0 0
165 10 0 0 4 0 0 4 0 0
166 12 0 0 2 0 0 6 0 0
167 28 1 1 4 0 0 4 0 0
168 2 0 0 2 0 0 0 0 0
170 2 1 1 1 0 0 0 0 0
172 3 0 0 2 0 0 1 0 0
173 6 0 0 2 0 0 1 0 0
177 3 0 0 1 0 0 1 0 0
178 1 0 0 0 0 0 1 0 0
181 2 0 0 0 0 0 0 0 0
184 2 1 1 0 0 0 0 0 0
185 1 0 0 1 0 0 0 0 0
188 13 0 0 3 0 0 4 0 0
189 4 0 0 1 0 0 0 0 0
191 5 1 1 0 0 0 0 0 0
192 4 0 0 0 0 0 0 0 0
193 6 0 0 2 0 0 0 0 0
194 2 0 0 0 0 0 0 0 0
195 2 0 0 0 0 0 0 0 0
196 3 0 0 0 0 0 0 0 0
197 3 0 0 1 0 0 0 0 0
201 4 1 1 1 0 0 0 0 0
207 6 0 0 1 0 0 2 0 0
208 6 0 0 0 0 0 3 0 0
209 3 0 0 0 0 0 0 0 0
238 5 1 1 1 0 0 2 0 0
241 2 0 0 0 0 0 0 0 0
248 16 0 0 6 0 0 4 0 0
251 8 0 0 0 0 0 4 0 0
254 36 1 1 12 0 0 20 0 0
257 40 0 0 12 0 0 4 0 0
258 44 1 1 0 0 0 1 0 0
259 48 0 0 16 0 0 28 0 0
262 32 1 1 8 0 0 24 0 0
264 17 0 0 5 0 0 0 0 0
269 46 0 0 2 0 0 0 0 0
270 32 1 1 0 0 0 16 1 1
274 16 0 0 0 0 0 4 0 0
277 152 0 0 8 0 0 0 0 0
278 256 1 1 96 0 0 0 0 0
279 32 0 0 32 0 0 0 0 0
281 8 0 0 0 0 0 0 0 0
284 2 0 0 1 0 0 0 0 0
285 2 0 0 1 0 0 0 0 0
286 30 1 1 4 0 0 0 0 0
288 18 1 1 0 0 0 0 0 0
289 9 0 0 6 0 0 3 0 0
291 6 0 0 3 0 0 3 0 0
292 6 0 0 0 0 0 0 0 0
299 24 0 0 8 0 0 8 0 0
300 8 0 0 0 0 0 0 0 0
302 16 0 0 0 0 0 0 0 0
305 4 0 0 3 0 0 1 0 0
307 1 0 0 0 0 0 0 0 0
308 6 0 0 5 0 0 0 0 0
fl=/build/buildd/glibc-2.21/elf/dl-init.c
fn=_dl_init
30 49 1 1 22 1 0 15 0 0
80 10 1 1 0 0 0 7 0 0
81 1 0 0 1 0 0 0 0 0
82 1 0 0 1 0 0 0 0 0
85 3 1 1 1 1 0 0 0 0
88 2 1 1 0 0 0 1 0 0
93 2 0 0 0 0 0 0 0 0
104 9 1 1 4 0 0 4 0 0
118 2 0 0 1 0 0 0 0 0
119 27 0 0 0 0 0 0 0 0
120 12 0 0 12 1 0 0 0 0
126 6 0 0 5 0 0 0 0 0
fn=call_init.part.0
28 42 1 1 0 0 0 30 0 0
36 24 0 0 6 0 0 6 0 0
39 29 0 0 12 1 0 0 0 0
40 3 1 1 0 0 0 0 0 0
44 20 0 0 5 1 0 0 0 0
45 3 0 0 1 0 0 0 0 0
49 8 0 0 4 0 0 0 0 0
58 36 1 1 20 3 0 16 0 0
62 8 0 0 0 0 0 0 0 0
68 16 0 0 8 0 0 4 0 0
70 12 0 0 8 0 0 0 0 0
71 64 0 0 9 1 0 0 0 0
72 45 1 1 27 1 0 36 0 0
74 36 0 0 30 0 0 0 0 0
fl=/build/buildd/glibc-2.21/elf/dl-load.c
fn=???
1321 68 0 0 68 0 0 0 0 0
fn=_dl_init_paths
659 9 2 2 0 0 0 6 0 0
672 7 0 0 2 0 0 3 0 0
676 1 0 0 0 0 0 1 0 0
677 3 0 0 0 0 0 2 0 0
678 3 1 1 0 0 0 0 0 0
685 4 0 0 0 0 0 1 0 0
686 2 0 0 1 0 0 0 0 0
689 1 0 0 0 0 0 1 0 0
690 5 0 0 0 0 0 2 0 0
692 3 0 0 0 0 0 0 0 0
698 1 0 0 0 0 0 1 0 0
699 1 1 1 0 0 0 1 0 0
707 6 0 0 3 0 0 3 0 0
709 14 0 0 3 0 0 6 0 0
710 7 0 0 3 0 0 4 2 2
712 11 0 0 6 0 0 4 0 0
713 7 0 0 3 1 1 4 0 0
714 9 0 0 0 0 0 3 0 0
717 6 1 1 3 1 1 0 0 0
718 224 1 1 8 0 0 4 0 0
719 64 0 0 0 0 0 64 4 4
721 27 1 1 9 0 0 9 0 0
727 1 0 0 0 0 0 1 0 0
728 2 0 0 1 0 0 1 0 0
732 1 0 0 1 0 0 0 0 0
733 2 0 0 0 0 0 0 0 0
735 4 1 1 1 0 0 0 0 0
737 3 0 0 1 0 0 0 0 0
754 1 0 0 0 0 0 1 0 0
756 3 1 1 1 0 0 0 0 0
770 2 1 1 0 0 0 1 0 0
775 6 1 1 2 0 0 0 0 0
783 9 0 0 1 0 0 4 0 0
785 23 1 1 3 0 0 7 0 0
802 43 0 0 14 0 0 0 0 0
804 14 1 1 0 0 0 0 0 0
805 28 0 0 0 0 0 0 0 0
806 14 0 0 0 0 0 0 0 0
809 1 0 0 0 0 0 1 0 0
810 3 0 0 0 0 0 2 0 0
811 3 0 0 0 0 0 0 0 0
817 11 1 1 1 0 0 6 0 0
821 5 0 0 2 0 0 0 0 0
827 1 0 0 0 0 0 1 0 0
831 6 0 0 5 0 0 0 0 0
fn=_dl_map_object
636 27 1 1 9 0 0 0 0 0
2141 72 2 1 0 0 0 54 1 1
2148 36 1 1 9 0 0 0 0 0
2149 27 0 0 18 0 0 0 0 0
2152 162 0 0 48 0 0 9 0 0
2157 245 1 1 35 0 0 0 0 0
2159 175 0 0 0 0 0 35 0 0
2163 60 0 0 30 0 0 0 0 0
2164 90 0 0 30 0 0 0 0 0
2167 15 0 0 15 0 0 0 0 0
2168 30 0 0 30 0 0 0 0 0
2169 105 1 1 0 0 0 45 0 0
2181 5 0 0 0 0 0 0 0 0
2186 20 1 1 4 0 0 4 0 0
2187 12 1 1 4 0 0 4 0 0
2195 12 0 0 4 0 0 0 0 0
2219 4 0 0 0 0 0 4 1 1
2221 28 1 1 0 0 0 12 0 0
2225 18 0 0 0 0 0 9 0 0
2227 6 1 1 3 0 0 0 0 0
2234 15 0 0 3 0 0 0 0 0
2238 6 0 0 3 0 0 3 0 0
2243 30 2 2 6 0 0 6 0 0
2244 3 0 0 0 0 0 0 0 0
2258 6 1 1 3 0 0 0 0 0
2259 24 0 0 6 0 0 3 0 0
2260 6 1 1 0 0 0 0 0 0
2269 6 0 0 3 0 0 0 0 0
2270 51 1 1 9 0 0 24 0 0
2276 9 0 0 0 0 0 0 0 0
2277 3 1 1 0 0 0 0 0 0
2285 6 1 1 3 0 0 0 0 0
2287 9 0 0 3 0 0 0 0 0
2291 9 0 0 0 0 0 3 0 0
2293 6 0 0 0 0 0 0 0 0
2297 6 0 0 3 0 0 0 0 0
2305 9 1 1 3 0 0 0 0 0
2328 36 0 0 3 0 0 21 0 0
2332 12 0 0 3 0 0 0 0 0
2333 3 0 0 0 0 0 3 0 0
2350 6 0 0 3 0 0 0 0 0
2356 1 0 0 0 0 0 1 0 0
2358 7 0 0 1 0 0 2 0 0
2359 4 0 0 0 0 0 0 0 0
2363 10 1 1 1 0 0 6 0 0
2366 3 0 0 0 0 0 0 0 0
2377 3 0 0 1 0 0 0 0 0
2378 12 0 0 3 0 0 0 0 0
2380 12 1 1 0 0 0 0 0 0
2424 8 0 0 4 0 0 4 0 0
2425 52 1 1 16 0 0 32 0 0
2427 54 0 0 45 0 0 0 0 0
fn=_dl_map_object_from_fd
868 44 2 2 0 0 0 28 1 1
879 16 0 0 4 0 0 8 0 0
880 4 0 0 0 0 0 4 0 0
883 36 0 0 0 0 0 16 0 0
894 78 1 1 22 0 0 8 0 0
895 140 1 1 58 1 1 8 0 0
912 12 2 2 4 0 0 0 0 0
937 8 0 0 4 0 0 0 0 0
947 8 0 0 4 0 0 0 0 0
969 16 0 0 8 0 0 0 0 0
1001 8 0 0 0 0 0 0 0 0
1004 36 1 1 24 0 0 16 0 0
1005 12 0 0 4 0 0 0 0 0
1016 12 0 0 8 0 0 4 2 2
1017 20 1 1 12 0 0 8 0 0
1018 12 0 0 8 0 0 4 0 0
1020 12 0 0 0 0 0 4 0 0
1021 24 0 0 16 0 0 0 0 0
1022 12 0 0 4 0 0 4 0 0
1041 40 1 1 0 0 0 12 0 0
1049 256 1 1 100 0 0 12 0 0
1050 243 2 2 32 0 0 0 0 0
1056 12 0 0 8 0 0 4 0 0
1057 12 0 0 4 0 0 4 0 0
1058 4 0 0 0 0 0 0 0 0
1061 3 0 0 2 0 0 1 0 0
1062 1 0 0 0 0 0 0 0 0
1067 56 1 1 16 0 0 16 0 0
1072 64 1 1 16 0 0 8 0 0
1080 80 2 1 16 0 0 16 0 0
1081 56 0 0 24 0 0 16 0 0
1082 40 0 0 24 0 0 8 0 0
1083 16 0 0 8 0 0 8 0 0
1085 16 0 0 8 0 0 8 0 0
1086 32 1 1 24 0 0 8 0 0
1090 16 0 0 8 0 0 0 0 0
1091 28 0 0 12 0 0 4 0 0
1095 16 0 0 8 0 0 0 0 0
1096 64 1 1 16 0 0 8 0 0
1106 8 0 0 0 0 0 0 0 0
1109 6 1 1 2 0 0 0 0 0
1113 4 0 0 2 0 0 2 1 1
1114 4 0 0 2 0 0 2 0 0
1115 4 0 0 0 0 0 0 0 0
1118 10 0 0 4 0 0 2 0 0
1119 6 1 1 4 0 0 2 0 0
1122 4 0 0 2 0 0 2 0 0
1126 8 0 0 2 0 0 0 0 0
1132 6 0 0 2 0 0 4 0 0
1133 2 0 0 0 0 0 0 0 0
1145 16 0 0 0 0 0 8 0 0
1188 8 1 1 4 0 0 4 0 0
1189 4 0 0 0 0 0 0 0 0
1192 12 0 0 8 0 0 4 2 2
1193 8 0 0 4 0 0 4 0 0
1194 4 0 0 0 0 0 0 0 0
1197 16 1 1 8 0 0 0 0 0
1206 8 0 0 0 0 0 0 0 0
1216 36 1 1 20 0 0 4 0 0
1228 16 2 2 8 0 0 0 0 0
1237 16 0 0 4 0 0 8 0 0
1244 16 0 0 4 0 0 0 0 0
1259 12 0 0 4 0 0 0 0 0
1278 8 0 0 4 0 0 4 0 0
1280 20 1 1 8 0 0 0 0 0
1334 12 0 0 4 0 0 0 0 0
1335 4 0 0 2 0 0 2 0 0
1338 24 0 0 4 0 0 8 0 0
1347 8 1 1 4 0 0 0 0 0
1349 16 0 0 8 0 0 4 0 0
1351 8 0 0 4 0 0 0 0 0
1367 8 0 0 0 0 0 4 0 0
1371 8 0 0 4 0 0 0 0 0
1372 12 1 1 4 0 0 0 0 0
1389 8 0 0 4 0 0 0 0 0
1390 2 0 0 0 0 0 2 0 0
1393 16 0 0 8 0 0 8 0 0
1394 16 0 0 8 0 0 8 0 0
1398 12 1 1 4 0 0 0 0 0
1408 12 0 0 4 0 0 4 0 0
1412 16 0 0 4 0 0 0 0 0
1432 24 0 0 20 0 0 0 0 0
fn=expand_dynamic_string_token
360 18 1 1 0 0 0 10 0 0
370 12 0 0 0 0 0 6 0 0
374 8 1 1 0 0 0 4 0 0
385 12 0 0 10 0 0 0 0 0
fn=fillin_rpath
431 10 1 1 0 0 0 6 0 0
433 5 0 0 0 0 0 3 0 0
436 14 1 1 4 0 0 6 0 0
440 6 0 0 1 0 0 2 0 0
442 4 0 0 0 0 0 2 0 0
446 2 0 0 0 0 0 0 0 0
449 2 0 0 0 0 0 1 0 0
453 9 2 2 1 0 0 0 0 0
458 3 0 0 0 0 0 2 0 0
461 3 0 0 1 0 0 0 0 0
468 22 1 1 6 0 0 3 0 0
469 8 1 1 4 0 0 0 0 0
487 5 2 2 1 0 0 1 0 0
490 4 0 0 0 0 0 2 0 0
491 8 1 1 2 0 0 3 0 0
493 4 1 1 1 0 0 0 0 0
497 2 0 0 0 0 0 2 0 0
498 1 0 0 0 0 0 0 0 0
499 6 0 0 1 0 0 5 0 0
500 2 0 0 1 0 0 1 0 0
502 3 0 0 1 0 0 0 0 0
508 5 1 1 2 0 0 0 0 0
509 55 0 0 3 0 0 1 0 0
510 16 0 0 0 0 0 16 0 0
512 2 0 0 1 0 0 1 0 0
513 3 1 1 1 0 0 0 0 0
518 2 1 1 0 0 0 1 0 0
520 2 0 0 1 0 0 1 0 0
521 1 0 0 0 0 0 1 0 0
524 4 1 1 1 0 0 2 0 0
526 8 1 1 2 0 0 2 0 0
530 2 0 0 1 0 0 1 0 0
533 7 0 0 5 0 0 0 0 0
fn=open_path
1442 9 0 0 0 0 0 3 0 0
1992 24 1 1 0 0 0 15 0 0
1993 9 0 0 6 0 0 3 0 0
1996 3 0 0 0 0 0 3 0 0
1997 3 0 0 0 0 0 3 0 0
1999 9 0 0 0 0 0 3 0 0
2004 39 2 2 12 0 0 9 0 0
2016 9 0 0 6 0 0 0 0 0
2023 18 1 1 9 0 0 15 0 0
2024 255 1 1 54 0 0 3 0 0
2027 114 1 1 48 0 0 0 0 0
2031 198 0 0 108 0 0 144 0 0
2034 36 0 0 18 0 0 18 0 0
2037 72 1 1 36 0 0 0 0 0
2038 6 0 0 0 0 0 3 0 0
2040 180 0 0 108 0 0 108 0 0
2042 72 0 0 18 0 0 0 0 0
2044 32 0 0 0 0 0 0 0 0
2049 48 1 1 16 0 0 0 0 0
2050 96 1 1 64 0 0 0 0 0
2056 96 0 0 48 0 0 16 0 0
2058 144 0 0 0 0 0 64 0 0
2059 4 0 0 1 0 0 0 0 0
2061 30 1 1 0 0 0 15 0 0
2063 3 1 1 0 0 0 1 0 0
2068 56 0 0 18 0 0 0 0 0
2070 4 0 0 0 0 0 0 0 0
2106 3 1 1 0 0 0 0 0 0
2109 15 1 1 3 0 0 0 0 0
2114 3 0 0 3 0 0 0 0 0
2116 15 0 0 9 0 0 0 0 0
2119 9 0 0 3 0 0 0 0 0
2133 18 0 0 15 0 0 0 0 0
fn=open_verify
1683 264 2 2 22 0 0 176 1 1
1719 129 0 0 43 0 0 0 0 0
1740 110 1 1 22 0 0 88 1 1
1741 66 0 0 0 0 0 0 0 0
1751 4 0 0 0 0 0 4 0 0
1752 12 0 0 4 0 0 4 0 0
1757 44 1 1 4 0 0 16 0 0
1759 12 0 0 0 0 0 0 0 0
1761 8 0 0 4 0 0 4 0 0
1763 12 0 0 0 0 0 0 0 0
1769 8 0 0 0 0 0 0 0 0
1781 8 1 1 6 0 0 0 0 0
1785 122 3 3 16 0 0 40 0 0
1859 12 1 1 8 0 0 0 0 0
1864 8 0 0 4 0 0 0 0 0
1866 16 0 0 4 0 0 0 0 0
1872 8 0 0 0 0 0 0 0 0
1883 12 0 0 8 1 1 0 0 0
1889 12 1 1 4 0 0 0 0 0
1890 16 0 0 4 0 0 0 0 0
1891 12 0 0 4 0 0 4 0 0
1911 174 1 1 31 0 0 4 0 0
1913 70 1 1 33 2 2 0 0 0
1917 24 0 0 12 0 0 4 0 0
1918 12 1 1 0 0 0 0 0 0
1927 52 1 1 8 0 0 24 0 0
1930 4 0 0 0 0 0 0 0 0
1931 12 0 0 4 0 0 0 0 0
1932 12 0 0 4 0 0 0 0 0
1934 12 0 0 0 0 0 0 0 0
1939 2 0 0 0 0 0 0 0 0
1940 2 0 0 0 0 0 0 0 0
1943 4 0 0 0 0 0 0 0 0
1946 6 0 0 2 0 0 0 0 0
1947 10 0 0 2 0 0 0 0 0
1948 4 0 0 2 0 0 0 0 0
1949 6 0 0 2 0 0 0 0 0
1950 6 0 0 2 0 0 0 0 0
1955 18 0 0 0 0 0 0 0 0
1978 132 1 1 110 0 0 0 0 0
fl=/build/buildd/glibc-2.21/elf/dl-lookup.c
fn=_dl_lookup_symbol_x
514 8530 1 1 2029 128 119 0 0 0
515 7564 0 0 0 0 0 0 0 0
752 1518 1 1 0 0 0 1104 3 3
754 138 0 0 0 0 0 138 1 1
755 276 0 0 0 0 0 276 0 0
758 138 0 0 138 3 2 0 0 0
762 658 0 0 260 0 0 0 0 0
766 276 0 0 0 0 0 138 0 0
767 414 1 1 138 0 0 0 0 0
769 276 0 0 276 2 2 0 0 0
773 1583 0 0 289 0 0 414 0 0
775 2070 2 2 1380 0 0 1518 3 2
778 414 0 0 0 0 0 0 0 0
781 13 0 0 0 0 0 0 0 0
804 552 1 1 276 0 0 0 0 0
806 104 1 1 39 0 0 0 0 0
822 26 0 0 13 0 0 13 0 0
823 26 0 0 0 0 0 0 0 0
826 250 0 0 250 0 0 0 0 0
827 875 0 0 250 0 0 0 0 0
853 125 0 0 0 0 0 125 0 0
862 625 0 0 125 0 0 0 0 0
876 375 1 1 125 8 4 0 0 0
877 2 1 1 0 0 0 1 0 0
879 500 0 0 250 0 0 0 0 0
884 250 0 0 125 0 0 125 0 0
886 828 0 0 690 0 0 0 0 0
fn=_dl_setup_hash
894 42 0 0 0 0 0 30 0 0
897 18 1 1 6 0 0 0 0 0
901 6 0 0 6 0 0 0 0 0
905 12 0 0 6 6 6 6 0 0
906 6 0 0 6 0 0 0 0 0
907 6 0 0 6 3 3 0 0 0
909 18 0 0 0 0 0 0 0 0
910 6 0 0 0 0 0 6 0 0
911 18 0 0 6 0 0 6 0 0
913 6 0 0 0 0 0 6 0 0
914 6 0 0 0 0 0 0 0 0
916 6 0 0 0 0 0 6 0 0
918 18 1 1 0 0 0 6 0 0
932 36 0 0 30 0 0 0 0 0
fn=check_match
92 1250 1 1 250 0 0 750 1 0
93 250 1 1 125 39 27 0 0 0
95 1366 0 0 372 8 7 0 0 0
107 375 0 0 250 0 0 125 7 4
110 870 1 1 235 5 2 165 4 3
114 250 0 0 250 4 2 0 0 0
115 250 0 0 0 0 0 0 0 0
117 244 0 0 0 0 0 0 0 0
136 244 0 0 244 28 19 0 0 0
137 976 1 1 488 11 6 0 0 0
138 976 0 0 366 0 0 366 0 0
165 6 0 0 0 0 0 0 0 0
167 18 0 0 6 2 1 0 0 0
168 12 2 2 3 0 0 0 0 0
171 4 0 0 0 0 0 0 0 0
172 14 0 0 6 0 0 2 0 0
174 8 0 0 2 0 0 2 0 0
176 2 0 0 0 0 0 0 0 0
183 995 1 1 625 0 0 122 0 0
fn=do_lookup_x
355 1518 2 2 276 0 0 966 4 2
361 276 0 0 138 1 0 138 2 2
362 138 0 0 138 0 0 0 0 0
366 2109 1 1 2109 16 10 0 0 0
369 1406 0 0 703 0 0 0 0 0
373 2812 0 0 703 0 0 703 0 0
377 1406 1 1 703 15 9 0 0 0
381 1406 0 0 703 2 2 0 0 0
382 690 0 0 0 0 0 276 1 0
387 2812 0 0 703 3 2 703 0 0
391 703 0 0 0 0 0 703 0 0
392 703 0 0 0 0 0 703 0 0
395 2109 1 1 1406 27 16 703 0 0
396 2109 0 0 1406 0 0 703 0 0
399 703 0 0 703 0 0 0 0 0
400 1406 0 0 0 0 0 0 0 0
402 703 0 0 703 94 60 0 0 0
403 414 0 0 0 0 0 138 1 1
404 1406 0 0 1406 0 0 0 0 0
407 3515 0 0 1406 0 0 0 0 0
410 4921 1 1 0 0 0 0 0 0
413 298 0 0 298 82 71 0 0 0
414 447 1 1 149 0 0 0 0 0
415 298 0 0 0 0 0 0 0 0
417 278 0 0 139 0 0 0 0 0
420 1360 1 1 272 88 79 0 0 0
422 375 0 0 125 0 0 0 0 0
423 2973 1 1 1139 0 0 1653 2 1
424 250 0 0 0 0 0 0 0 0
427 504 0 0 127 0 0 0 0 0
430 447 0 0 0 0 0 0 0 0
439 492 1 1 123 0 0 0 0 0
461 34 0 0 2 0 0 0 0 0
463 6 0 0 0 0 0 0 0 0
466 944 2 2 125 0 0 0 0 0
470 167 1 1 14 0 0 125 0 0
482 375 0 0 250 0 0 125 0 0
483 125 0 0 0 0 0 125 0 0
484 125 0 0 0 0 0 0 0 0
499 3702 0 0 1562 5 2 0 0 0
500 920 0 0 0 0 0 184 0 0
501 64 2 1 32 0 0 0 0 0
503 1734 0 0 578 0 0 0 0 0
506 13 0 0 0 0 0 0 0 0
507 828 1 1 690 0 0 0 0 0
fl=/build/buildd/glibc-2.21/elf/dl-minimal.c
fn=__libc_memalign
51 224 1 1 64 0 0 128 3 3
52 127 0 0 63 0 0 0 0 0
57 3 0 0 0 0 0 1 0 0
58 3 1 1 1 0 0 0 0 0
59 1 0 0 0 0 0 0 0 0
63 96 0 0 0 0 0 32 0 0
64 32 0 0 0 0 0 0 0 0
66 212 1 1 0 0 0 0 0 0
70 12 0 0 3 0 0 0 0 0
71 6 0 0 0 0 0 0 0 0
77 24 0 0 0 0 0 21 0 0
79 18 0 0 6 0 0 0 0 0
83 9 0 0 0 0 0 3 0 0
86 32 0 0 0 0 0 32 0 0
87 32 0 0 0 0 0 32 0 0
89 160 0 0 128 0 0 0 0 0
fn=calloc
102 84 2 2 24 0 0 48 1 1
106 24 0 0 0 0 0 0 0 0
109 24 0 0 0 0 0 0 0 0
110 24 0 0 0 0 0 0 0 0
113 48 0 0 0 0 0 24 0 0
114 48 0 0 48 0 0 0 0 0
fn=free
119 6 1 1 1 0 0 3 0 0
121 2 0 0 1 0 0 0 0 0
128 4 0 0 3 0 0 0 0 0
fn=malloc
93 124 0 0 0 0 0 62 0 0
94 93 0 0 31 0 0 93 1 1
95 93 0 0 62 0 0 0 0 0
fn=strsep
335 32 1 1 4 0 0 20 0 0
338 16 0 0 4 0 0 0 0 0
340 12 0 0 8 0 0 4 0 0
341 8 0 0 0 0 0 0 0 0
345 370 1 1 61 0 0 0 0 0
350 236 0 0 0 0 0 0 0 0
352 472 0 0 118 0 0 0 0 0
360 59 1 1 0 0 0 0 0 0
363 4 0 0 2 0 0 2 0 0
367 28 1 0 24 0 0 0 0 0
fl=/build/buildd/glibc-2.21/elf/dl-misc.c
fn=_dl_name_match_p
288 1771 1 1 0 0 0 1012 0 0
289 1771 1 1 253 1 0 759 3 2
290 12 0 0 0 0 0 0 0 0
292 253 0 0 253 0 0 0 0 0
294 1010 0 0 0 0 0 0 0 0
295 1848 0 0 264 12 7 792 0 0
298 252 0 0 252 0 0 0 0 0
300 241 0 0 0 0 0 0 0 0
301 1012 0 0 1012 0 0 0 0 0
fn=_dl_sysdep_read_whole_file
45 9 1 1 0 0 0 5 0 0
52 4 0 0 0 0 0 3 0 0
53 3 0 0 0 0 0 0 0 0
55 9 1 1 0 0 0 4 0 0
57 2 0 0 1 0 0 1 0 0
60 2 0 0 0 0 0 0 0 0
62 11 1 1 0 0 0 7 0 0
73 4 0 0 0 0 0 2 0 0
76 7 0 0 5 0 0 0 0 0
fl=/build/buildd/glibc-2.21/elf/dl-object.c
fn=_dl_add_to_namespace_list
32 45 1 1 0 0 0 30 0 0
34 20 0 0 5 0 0 15 0 0
36 56 1 1 15 0 0 0 0 0
39 42 0 0 14 0 0 0 0 0
41 4 0 0 0 0 0 4 0 0
43 4 0 0 0 0 0 4 0 0
46 2 0 0 0 0 0 1 0 0
47 10 0 0 5 0 0 0 0 0
48 20 0 0 10 0 0 10 0 0
49 20 0 0 0 0 0 10 0 0
51 15 0 0 5 0 0 10 0 0
52 30 0 0 25 0 0 0 0 0
fn=_dl_new_object
61 55 2 2 5 0 0 40 2 2
62 30 0 0 0 0 0 15 1 1
68 70 2 2 10 0 0 5 0 0
75 35 1 1 0 0 0 20 0 0
78 15 0 0 0 0 0 0 0 0
81 5 0 0 0 0 0 5 2 2
82 15 0 0 5 0 0 5 5 5
86 10 1 1 0 0 0 5 1 1
87 45 0 0 15 0 0 30 1 1
89 5 0 0 0 0 0 5 0 0
97 30 0 0 10 0 0 5 0 0
98 30 1 1 10 3 3 5 0 0
101 15 0 0 10 0 0 0 0 0
102 10 0 0 0 0 0 5 5 5
103 5 0 0 0 0 0 5 0 0
107 10 0 0 5 0 0 5 0 0
110 63 0 0 0 0 0 0 0 0
112 16 0 0 0 0 0 16 2 2
122 10 0 0 0 0 0 5 0 0
123 5 0 0 0 0 0 5 3 3
126 1 1 1 0 0 0 0 0 0
128 20 1 1 10 1 1 0 0 0
130 16 1 1 0 0 0 4 0 0
133 13 0 0 0 0 0 0 0 0
137 12 0 0 4 0 0 0 0 0
141 32 0 0 4 0 0 0 0 0
143 5 1 1 1 0 0 0 0 0
149 1 0 0 0 0 0 1 0 0
152 5 0 0 0 0 0 5 0 0
155 29 0 0 10 0 0 4 0 0
157 32 0 0 4 0 0 16 0 0
161 16 1 1 4 0 0 0 0 0
165 16 1 1 4 0 0 8 0 0
166 20 0 0 0 0 0 0 0 0
207 4 1 1 0 0 0 4 0 0
211 99 0 0 12 0 0 16 0 0
216 71 0 0 0 0 0 0 0 0
217 150 0 0 71 0 0 0 0 0
222 8 0 0 0 0 0 4 0 0
225 8 0 0 0 0 0 4 0 0
229 30 0 0 25 0 0 0 0 0
fl=/build/buildd/glibc-2.21/elf/dl-open.c
fn=_dl_find_dso_for_object
178 7 1 1 0 0 0 5 0 0
182 7 1 1 1 0 0 1 0 0
183 16 1 1 5 0 0 0 0 0
184 18 0 0 9 0 0 0 0 0
185 2 0 0 1 0 0 0 0 0
188 3 0 0 1 0 0 0 0 0
192 6 0 0 5 0 0 0 0 0
fl=/build/buildd/glibc-2.21/elf/dl-reloc.c
fn=_dl_protect_relro
326 30 1 1 0 0 0 24 0 0
327 24 1 1 12 0 0 0 0 0
328 12 0 0 6 0 0 0 0 0
329 12 0 0 6 0 0 0 0 0
332 12 0 0 0 0 0 0 0 0
333 60 0 0 0 0 0 24 0 0
339 24 0 0 24 0 0 0 0 0
fn=_dl_relocate_object
154 48 1 1 0 0 0 30 0 0
161 6 0 0 0 0 0 6 0 0
164 18 0 0 6 0 0 6 0 0
165 72 1 1 18 0 0 30 0 0
169 12 0 0 6 0 0 0 0 0
170 30 0 0 12 1 0 0 0 0
176 18 0 0 12 0 0 0 0 0
182 18 1 1 6 0 0 0 0 0
183 18 1 1 6 5 0 0 0 0
186 12 0 0 6 0 0 0 0 0
193 24 0 0 12 0 0 0 0 0
238 24 0 0 18 0 0 6 0 0
264 807 7 7 201 12 0 153 0 0
267 18 1 1 6 0 0 0 0 0
299 12 0 0 12 0 0 0 0 0
302 24 0 0 12 0 0 0 0 0
319 24 0 0 12 1 0 0 0 0
320 18 0 0 6 0 0 6 0 0
321 36 0 0 30 0 0 0 0 0
fl=/build/buildd/glibc-2.21/elf/dl-runtime.c
fn=_dl_fixup
66 248 1 1 0 0 0 155 1 1
68 31 0 0 31 0 0 0 0 0
69 93 0 0 62 5 4 31 1 1
72 62 0 0 62 20 11 0 0 0
73 248 1 1 62 18 7 62 0 0
74 124 0 0 62 2 2 31 0 0
79 62 0 0 0 0 0 0 0 0
83 62 0 0 31 24 14 0 0 0
85 2 0 0 0 0 0 0 0 0
87 93 0 0 31 11 7 0 0 0
91 90 1 1 90 22 12 0 0 0
92 90 0 0 30 3 2 0 0 0
94 120 0 0 30 13 7 0 0 0
100 31 0 0 0 0 0 0 0 0
101 93 0 0 31 1 1 0 0 0
111 372 1 1 93 14 9 186 2 1
115 124 0 0 31 0 0 0 0 0
125 186 0 0 62 0 0 0 0 0
133 31 0 0 31 0 0 0 0 0
141 124 1 1 31 0 0 0 0 0
145 93 0 0 31 0 0 0 0 0
149 186 0 0 155 0 0 0 0 0
fl=/build/buildd/glibc-2.21/elf/dl-tls.c
fn=___tls_get_addr
827 4 1 1 0 0 0 2 0 0
828 1 0 0 1 0 0 0 0 0
830 3 0 0 2 2 2 0 0 0
833 2 0 0 2 1 1 0 0 0
835 2 0 0 0 0 0 0 0 0
838 2 0 0 1 0 0 0 0 0
839 3 1 1 2 0 0 0 0 0
fn=_dl_add_to_slotinfo
889 14 1 1 0 0 0 10 0 0
895 6 0 0 4 0 0 0 0 0
898 2 0 0 2 1 0 0 0 0
903 6 0 0 2 1 0 0 0 0
944 6 1 1 2 0 0 2 0 0
945 6 0 0 2 0 0 2 0 0
946 12 0 0 10 0 0 0 0 0
fn=_dl_allocate_tls_init
449 8 0 0 0 0 0 6 0 0
450 2 1 1 0 0 0 0 0 0
454 2 1 1 1 1 0 1 0 0
456 1 0 0 0 0 0 1 0 0
457 1 0 0 0 0 0 1 0 0
460 3 0 0 2 1 0 0 0 0
472 3 0 0 1 0 0 1 0 0
477 18 1 1 9 0 0 0 0 0
483 18 0 0 4 0 0 1 0 0
486 2 1 1 2 0 0 0 0 0
487 4 0 0 0 0 0 0 0 0
493 8 0 0 6 0 0 0 0 0
494 8 0 0 2 0 0 2 0 0
496 4 0 0 0 0 0 0 0 0
497 4 0 0 2 0 0 0 0 0
506 4 0 0 2 0 0 0 0 0
507 12 1 1 4 1 0 2 0 0
509 4 0 0 2 0 0 0 0 0
510 6 0 0 2 0 0 0 0 0
518 6 0 0 2 0 0 2 0 0
519 2 0 0 0 0 0 2 0 0
520 26 0 0 4 0 0 16 0 0
534 3 1 1 2 0 0 1 0 0
536 1 0 0 1 0 0 0 0 0
537 6 0 0 5 0 0 0 0 0
fn=_dl_allocate_tls_storage
354 6 1 1 0 0 0 4 0 0
356 1 0 0 1 0 0 0 0 0
367 4 0 0 1 0 0 3 0 0
368 3 0 0 0 0 0 0 0 0
375 1 0 0 0 0 0 0 0 0
379 313 1 1 0 0 0 305 19 19
390 2 0 0 0 0 0 1 0 0
391 2 0 0 0 0 0 0 0 0
396 5 0 0 4 0 0 0 0 0
fn=_dl_count_modids
110 4 1 1 0 0 0 3 0 0
115 2 0 0 1 0 0 0 0 0
116 1 0 0 1 0 0 0 0 0
131 3 0 0 3 0 0 0 0 0
fn=_dl_determine_tlsoffset
138 7 1 1 0 0 0 5 0 0
144 3 0 0 1 0 0 0 0 0
147 3 1 1 1 0 0 0 0 0
149 2 0 0 0 0 0 1 0 0
183 15 0 0 9 0 0 0 0 0
185 13 1 1 3 0 0 6 0 0
187 10 0 0 2 0 0 2 0 0
188 4 1 1 2 0 0 0 0 0
190 8 1 1 2 0 0 2 0 0
192 14 0 0 8 0 0 2 0 0
208 16 0 0 4 0 0 2 0 0
210 8 0 0 2 0 0 0 0 0
211 2 1 1 2 0 0 0 0 0
220 2 0 0 0 0 0 2 0 0
223 9 1 1 2 0 0 1 0 0
224 1 0 0 0 0 0 1 0 0
275 2 0 0 1 0 0 1 0 0
276 6 0 0 5 0 0 0 0 0
fn=_dl_get_tls_static_info
345 3 1 1 0 0 0 2 0 0
346 2 0 0 1 0 0 1 1 1
347 2 0 0 1 0 0 1 0 0
348 2 0 0 2 0 0 0 0 0
fn=_dl_next_tls_modid
49 14 1 1 0 0 0 10 1 1
52 8 0 0 4 0 0 0 0 0
100 2 0 0 0 0 0 2 0 0
104 12 1 1 10 0 0 0 0 0
fn=allocate_dtv
314 6 1 1 0 0 0 4 0 0
321 2 0 0 1 0 0 0 0 0
322 5 1 1 0 0 0 3 0 0
323 3 0 0 0 0 0 0 0 0
326 1 0 0 0 0 0 1 1 1
332 2 0 0 0 0 0 1 0 0
338 5 0 0 4 0 0 0 0 0
fl=/build/buildd/glibc-2.21/elf/dl-tsd.c
fn=__libc_dl_error_tsd
46 2 1 1 0 0 0 1 0 0
48 2 0 0 2 1 0 0 0 0
49 1 0 0 1 0 0 0 0 0
fl=/build/buildd/glibc-2.21/elf/dl-version.c
fn=_dl_check_all_versions
380 9 1 1 0 0 0 6 0 0
384 23 0 0 6 0 0 0 0 0
385 6 0 0 0 0 0 0 0 0
386 60 1 1 12 0 0 6 0 0
389 7 0 0 5 0 0 0 0 0
fn=_dl_check_map_versions
56 117 1 1 35 0 0 0 0 0
57 27 0 0 27 0 0 0 0 0
58 177 0 0 0 0 0 41 0 0
174 48 2 2 0 0 0 30 0 0
175 2 0 0 0 0 0 2 0 0
183 2 0 0 0 0 0 2 0 0
189 24 0 0 6 0 0 6 0 0
190 1 0 0 0 0 0 0 0 0
191 12 0 0 6 0 0 6 0 0
193 12 0 0 6 0 0 6 0 0
194 24 0 0 6 0 0 18 0 0
196 12 0 0 0 0 0 0 0 0
199 12 0 0 8 0 0 4 0 0
203 24 1 1 4 4 4 12 0 0
220 28 0 0 21 0 0 7 0 0
228 21 1 1 7 0 0 0 0 0
233 28 0 0 14 1 1 0 0 0
237 566 1 1 370 5 5 186 0 0
244 156 0 0 52 0 0 26 0 0
247 78 0 0 26 0 0 0 0 0
252 19 0 0 0 0 0 0 0 0
256 28 1 1 14 0 0 0 0 0
261 6 0 0 0 0 0 3 0 0
262 3 0 0 0 0 0 0 0 0
270 18 1 1 6 0 0 0 0 0
273 20 1 1 20 0 0 0 0 0
276 268 0 0 65 4 4 4 0 0
279 203 0 0 65 1 1 4 0 0
283 61 0 0 0 0 0 0 0 0
287 20 1 1 10 0 0 0 0 0
292 10 0 0 5 0 0 5 0 0
293 35 0 0 5 0 0 20 0 0
294 15 0 0 0 0 0 0 0 0
302 5 0 0 0 0 0 5 0 0
305 15 1 1 10 0 0 5 0 0
307 15 0 0 5 0 0 0 0 0
310 24 0 0 12 0 0 4 0 0
314 28 0 0 7 0 0 7 0 0
317 26 0 0 26 0 0 0 0 0
319 104 1 1 26 0 0 0 0 0
321 104 0 0 52 0 0 26 6 6
322 78 0 0 0 0 0 26 5 5
323 78 0 0 26 0 0 26 0 0
324 104 0 0 52 0 0 26 0 0
327 85 0 0 33 0 0 0 0 0
332 19 0 0 0 0 0 0 0 0
335 21 1 1 7 0 0 0 0 0
340 3 0 0 0 0 0 0 0 0
341 3 0 0 0 0 0 0 0 0
345 15 0 0 5 0 0 0 0 0
348 20 0 0 16 0 0 0 0 0
352 65 0 0 65 0 0 0 0 0
354 130 0 0 65 0 0 0 0 0
358 61 0 0 61 0 0 0 0 0
359 305 0 0 122 0 0 61 2 2
360 183 0 0 61 0 0 61 0 0
361 61 0 0 0 0 0 61 12 12
364 200 1 1 70 0 0 0 0 0
368 61 0 0 0 0 0 0 0 0
374 36 1 1 30 0 0 0 0 0
fn=match_symbol
76 260 2 2 0 0 0 156 0 0
77 78 0 0 78 0 0 0 0 0
85 52 0 0 26 0 0 0 0 0
91 104 0 0 52 0 0 0 0 0
106 26 0 0 26 1 0 0 0 0
107 52 0 0 0 0 0 0 0 0
109 52 0 0 52 0 0 0 0 0
114 448 1 1 224 15 15 0 0 0
128 448 0 0 224 7 7 0 0 0
133 312 2 2 104 3 3 104 0 0
140 594 0 0 198 7 7 0 0 0
144 198 0 0 0 0 0 0 0 0
168 156 0 0 130 0 0 0 0 0
fl=/build/buildd/glibc-2.21/elf/do-rel.h
fn=_dl_relocate_object
46 24 0 0 0 0 0 0 0 0
47 48 0 0 0 0 0 24 0 0
58 24 0 0 0 0 0 0 0 0
61 511 1 1 200 0 0 12 0 0
83 38 0 0 19 0 0 19 0 0
84 38 1 1 38 0 0 0 0 0
86 38 0 0 0 0 0 7 0 0
98 48 0 0 24 0 0 6 0 0
105 36 1 1 19 0 0 0 0 0
108 38 0 0 14 1 0 0 0 0
111 4003 1 1 4 0 0 0 0 0
112 2650 0 0 1329 169 167 0 0 0
118 76 2 2 38 4 0 0 0 0
121 32 0 0 16 2 0 16 0 0
124 559 2 2 415 0 0 0 0 0
136 738 0 0 492 65 59 0 0 0
137 594 0 0 123 0 0 246 0 0
138 471 1 1 246 0 0 123 0 0
139 369 0 0 246 0 0 123 0 0
160 29 1 1 19 0 0 0 0 0
170 25 1 1 10 0 0 0 0 0
171 20 0 0 15 1 1 5 0 0
fn=_dl_start
83 2 0 0 1 0 0 1 0 0
84 1 0 0 1 0 0 0 0 0
111 35 1 1 1 0 0 0 0 0
112 23 0 0 12 1 1 0 0 0
116 4 0 0 1 0 0 0 0 0
124 28 0 0 8 0 0 2 0 0
137 35 0 0 14 1 1 0 0 0
139 21 1 1 14 0 0 7 0 0
fl=/build/buildd/glibc-2.21/elf/get-dynamic-info.h
fn=_dl_map_object_from_fd
39 8 0 0 0 0 0 0 0 0
43 4 0 0 0 0 0 0 0 0
45 321 0 0 107 17 17 0 0 0
47 206 1 1 0 0 0 0 0 0
60 100 0 0 0 0 0 0 0 0
61 162 0 0 0 0 0 99 12 12
62 16 0 0 0 0 0 0 0 0
65 16 0 0 0 0 0 0 0 0
68 16 1 1 0 0 0 0 0 0
70 12 0 0 0 0 0 4 0 0
71 103 0 0 0 0 0 0 0 0
78 12 1 1 4 0 0 0 0 0
98 16 0 0 8 0 0 0 0 0
99 20 0 0 12 0 0 0 0 0
100 20 1 1 12 0 0 0 0 0
101 20 0 0 12 0 0 0 0 0
103 12 0 0 4 0 0 0 0 0
106 20 0 0 12 0 0 0 0 0
108 20 1 1 12 0 0 0 0 0
109 18 0 0 10 1 1 0 0 0
110 20 0 0 12 0 0 0 0 0
116 12 0 0 4 0 0 0 0 0
123 20 0 0 4 0 0 0 0 0
128 12 1 1 4 0 0 0 0 0
132 12 0 0 4 0 0 0 0 0
133 12 0 0 8 0 0 0 0 0
145 12 0 0 4 0 0 0 0 0
150 6 0 0 3 0 0 3 0 0
152 6 0 0 0 0 0 0 0 0
154 6 0 0 0 0 0 0 0 0
156 6 0 0 0 0 0 0 0 0
159 12 1 1 4 0 0 0 0 0
161 4 0 0 2 0 0 2 0 0
169 4 0 0 2 0 0 0 0 0
174 4 0 0 0 0 0 0 0 0
177 12 1 1 4 0 0 0 0 0
fn=_dl_start
45 57 0 0 19 3 3 0 0 0
47 36 0 0 0 0 0 0 0 0
60 21 0 0 0 0 0 0 0 0
61 29 0 0 0 0 0 17 4 4
62 4 1 1 0 0 0 0 0 0
65 4 2 2 0 0 0 0 0 0
68 4 1 1 0 0 0 0 0 0
70 3 0 0 0 0 0 1 1 1
71 18 0 0 0 0 0 0 0 0
78 2 0 0 0 0 0 0 0 0
98 4 0 0 2 0 0 0 0 0
99 4 0 0 2 0 0 0 0 0
100 4 1 1 2 0 0 0 0 0
101 4 0 0 2 0 0 0 0 0
106 4 0 0 2 0 0 0 0 0
108 4 0 0 2 0 0 0 0 0
109 4 0 0 2 0 0 0 0 0
110 4 1 1 2 0 0 0 0 0
116 3 0 0 1 0 0 0 0 0
119 2 0 0 1 0 0 0 0 0
132 3 0 0 1 0 0 0 0 0
133 3 0 0 2 0 0 0 0 0
137 3 1 1 1 0 0 0 0 0
139 3 0 0 1 0 0 0 0 0
142 3 0 0 1 0 0 0 0 0
143 3 1 1 1 0 0 0 0 0
fn=dl_main
30 2 0 0 2 0 0 0 0 0
39 2 0 0 0 0 0 0 0 0
43 1 0 0 0 0 0 0 0 0
45 78 0 0 26 4 4 0 0 0
47 50 1 1 0 0 0 0 0 0
60 17 0 0 0 0 0 0 0 0
61 33 0 0 0 0 0 24 3 3
62 4 0 0 0 0 0 0 0 0
65 4 1 1 0 0 0 0 0 0
68 4 1 1 0 0 0 0 0 0
70 3 1 1 0 0 0 1 0 0
71 25 0 0 0 0 0 0 0 0
78 4 0 0 2 0 0 0 0 0
116 4 1 1 2 0 0 0 0 0
123 5 1 1 1 0 0 0 0 0
128 4 0 0 2 0 0 0 0 0
132 4 0 0 2 0 0 0 0 0
133 3 0 0 2 0 0 0 0 0
145 4 1 1 2 0 0 0 0 0
159 4 0 0 2 0 0 0 0 0
177 4 1 1 2 0 0 0 0 0
fl=/build/buildd/glibc-2.21/elf/rtld.c
fn=_dl_initial_error_catch_tsd
646 22 1 1 0 0 0 11 0 0
649 22 0 0 11 0 0 0 0 0
fn=_dl_start
287 2 0 0 0 0 0 1 0 0
288 2 0 0 0 0 0 1 0 0
289 2 1 1 0 0 0 1 1 1
290 2 0 0 0 0 0 1 0 0
291 2 0 0 0 0 0 1 0 0
299 3 0 0 0 0 0 2 0 0
302 1 0 0 0 0 0 1 0 0
308 6 1 0 1 0 0 3 0 0
317 1 0 0 0 0 0 0 0 0
320 4 0 0 2 1 0 2 1 0
324 3 0 0 1 0 0 0 0 0
338 9 1 1 0 0 0 6 1 1
356 3 0 0 0 0 0 2 1 1
379 1 0 0 0 0 0 1 0 0
382 1 1 1 0 0 0 1 1 1
393 2 0 0 0 0 0 0 0 0
398 32 2 2 15 0 0 5 0 0
400 1 0 0 1 1 1 0 0 0
425 7 0 0 5 0 0 0 0 0
fn=dl_main
704 1 0 0 1 0 0 0 0 0
706 1 0 0 0 0 0 1 0 0
712 3 0 0 1 0 0 0 0 0
717 1 0 0 0 0 0 1 0 0
719 1 0 0 0 0 0 1 0 0
725 1 1 1 0 0 0 1 0 0
742 8 1 1 0 0 0 5 0 0
751 1 0 0 0 0 0 0 0 0
757 1 0 0 0 0 0 1 0 0
761 2 0 0 0 0 0 1 0 0
764 2 1 1 0 0 0 1 1 1
768 2 0 0 0 0 0 1 1 1
769 2 0 0 0 0 0 1 0 0
774 2 0 0 0 0 0 1 0 0
784 4 2 2 2 0 0 0 0 0
985 9 1 1 0 0 0 5 0 0
987 3 0 0 1 0 0 0 0 0
988 3 1 1 2 0 0 1 0 0
989 2 0 0 1 0 0 1 0 0
990 3 0 0 2 0 0 1 0 0
994 3 0 0 0 0 0 1 0 0
995 2 0 0 1 0 0 0 0 0
1016 2 0 0 1 0 0 1 0 0
1017 1 0 0 0 0 0 1 0 0
1019 1 0 0 0 0 0 1 0 0
1021 1 0 0 1 0 0 0 0 0
1024 36 3 3 15 0 0 1 0 0
1025 71 1 1 9 4 4 0 0 0
1029 3 2 2 2 0 0 1 0 0
1030 1 0 0 0 0 0 0 0 0
1034 3 1 1 2 0 0 1 0 0
1035 1 0 0 0 0 0 0 0 0
1043 1 0 0 0 0 0 1 1 1
1044 2 0 0 2 0 0 0 0 0
1046 4 1 1 1 0 0 2 0 0
1053 3 0 0 1 0 0 0 0 0
1067 2 1 1 0 0 0 1 0 0
1071 1 0 0 0 0 0 1 0 0
1079 6 0 0 4 0 0 2 0 0
1080 14 1 1 6 0 0 4 0 0
1081 4 1 1 2 0 0 0 0 0
1082 3 0 0 2 1 1 1 0 0
1085 2 0 0 2 0 0 0 0 0
1086 4 0 0 2 0 0 0 0 0
1087 2 0 0 0 0 0 2 0 0
1088 6 0 0 3 0 0 0 0 0
1089 2 0 0 0 0 0 1 0 0
1116 2 0 0 1 0 0 1 0 0
1117 1 0 0 0 0 0 0 0 0
1120 2 0 0 1 0 0 1 0 0
1121 2 0 0 1 1 1 1 0 0
1122 1 0 0 0 0 0 0 0 0
1127 3 0 0 1 1 1 0 0 0
1130 2 0 0 0 0 0 0 0 0
1132 2 0 0 0 0 0 0 0 0
1134 3 1 1 1 0 0 0 0 0
1147 3 0 0 1 0 0 0 0 0
1148 13 1 1 6 0 0 4 0 0
1153 1 0 0 0 0 0 1 0 0
1155 1 0 0 0 0 0 1 0 0
1156 1 0 0 0 0 0 1 0 0
1158 3 0 0 1 0 0 0 0 0
1159 2 0 0 0 0 0 1 0 0
1163 2 0 0 1 0 0 0 0 0
1165 3 1 1 0 0 0 0 0 0
1170 2 1 1 1 0 0 1 0 0
1173 2 0 0 1 0 0 0 0 0
1189 5 2 2 0 0 0 2 0 0
1195 10 1 1 1 0 0 2 0 0
1200 2 1 1 1 0 0 1 0 0
1203 4 0 0 1 0 0 2 0 0
1205 1 0 0 0 0 0 1 0 0
1210 3 0 0 1 0 0 0 0 0
1213 3 0 0 2 0 0 1 0 0
1214 4 1 1 1 0 0 1 0 0
1215 3 0 0 2 0 0 1 0 0
1216 1 0 0 0 0 0 1 0 0
1217 1 0 0 1 0 0 0 0 0
1218 2 0 0 2 0 0 0 0 0
1223 2 0 0 1 0 0 0 0 0
1224 6 1 1 1 0 0 1 0 0
1241 2 0 0 1 1 1 0 0 0
1242 2 0 0 1 0 0 0 0 0
1244 3 1 1 1 0 0 0 0 0
1246 3 0 0 0 0 0 1 0 0
1247 2 0 0 1 0 0 1 0 0
1252 3 0 0 0 0 0 0 0 0
1253 5 0 0 1 1 1 0 0 0
1255 2 0 0 1 0 0 1 1 1
1256 2 1 1 1 1 1 1 0 0
1261 3 0 0 1 0 0 0 0 0
1266 3 0 0 1 0 0 0 0 0
1443 2 0 0 0 0 0 2 0 0
1451 4 1 1 2 0 0 0 0 0
1454 2 0 0 1 0 0 1 0 0
1458 3 0 0 1 0 0 0 0 0
1463 2 1 1 1 0 0 1 0 0
1464 2 0 0 0 0 0 1 0 0
1465 1 0 0 0 0 0 0 0 0
1469 3 0 0 1 0 0 0 0 0
1484 4 1 1 2 0 0 0 0 0
1485 1 1 1 0 0 0 0 0 0
1486 1 0 0 0 0 0 1 0 0
1488 3 0 0 1 0 0 0 0 0
1495 16 2 2 0 0 0 7 0 0
1498 5 0 0 0 0 0 2 0 0
1501 18 2 1 2 0 0 7 0 0
1502 2 0 0 1 0 0 0 0 0
1503 3 0 0 1 0 0 0 0 0
1505 9 0 0 2 0 0 2 0 0
1507 3 1 1 2 0 0 0 0 0
1509 3 1 1 2 0 0 0 0 0
1519 9 0 0 0 0 0 4 0 0
1596 4 0 0 2 0 0 0 0 0
1600 7 1 1 1 0 0 0 0 0
1601 1 0 0 0 0 0 0 0 0
1604 2 0 0 0 0 0 1 0 0
1605 1 0 0 1 0 0 0 0 0
1606 2 0 0 0 0 0 0 0 0
1607 2 0 0 1 0 0 0 0 0
1613 3 0 0 0 0 0 2 0 0
1614 12 0 0 3 0 0 4 0 0
1615 1 0 0 0 0 0 0 0 0
1617 4 1 1 4 0 0 0 0 0
1620 20 0 0 4 0 0 0 0 0
1621 18 0 0 12 0 0 0 0 0
1624 3 1 1 2 0 0 1 0 0
1625 4 1 1 1 0 0 0 0 0
1626 1 0 0 0 0 0 1 0 0
1628 14 1 1 0 0 0 0 0 0
1629 19 0 0 12 0 0 0 0 0
1639 2 1 1 0 0 0 1 0 0
1641 2 0 0 1 0 0 1 0 0
1642 3 0 0 1 0 0 0 0 0
1644 2 0 0 0 0 0 1 0 0
1646 3 0 0 0 0 0 0 0 0
1648 3 0 0 1 0 0 0 0 0
1649 1 0 0 1 0 0 0 0 0
1662 2 1 1 0 0 0 0 0 0
1663 2 0 0 1 0 0 1 0 0
1664 3 0 0 1 0 0 0 0 0
1675 5 1 1 1 0 0 1 0 0
1676 2 0 0 1 0 0 1 0 0
1677 6 0 0 0 0 0 2 0 0
1687 2 0 0 1 0 0 1 0 0
1688 3 0 0 1 0 0 0 0 0
1689 2 1 1 0 0 0 2 0 0
1691 3 0 0 1 0 0 0 0 0
1696 3 0 0 1 0 0 0 0 0
1926 4 0 0 2 1 1 0 0 0
1982 4 1 1 1 0 0 1 0 0
1986 4 1 1 2 0 0 2 0 0
1990 2 0 0 1 0 0 1 0 0
1993 2 0 0 1 0 0 0 0 0
2047 5 1 1 1 0 0 1 0 0
2054 1 0 0 1 0 0 0 0 0
2056 3 0 0 0 0 0 2 0 0
2057 4 1 1 2 0 0 0 0 0
2058 15 1 1 0 0 0 0 0 0
2060 18 0 0 18 2 0 0 0 0
2065 12 0 0 12 0 0 0 0 0
2067 14 0 0 0 0 0 0 0 0
2069 1 0 0 0 0 0 1 0 0
2070 1 0 0 1 0 0 0 0 0
2073 6 1 1 6 0 0 0 0 0
2075 17 0 0 6 0 0 5 0 0
2076 55 0 0 20 3 0 25 0 0
2080 34 0 0 8 1 0 0 0 0
2081 14 0 0 2 0 0 6 0 0
2083 1 0 0 0 0 0 0 0 0
2085 5 0 0 2 0 0 2 0 0
2091 3 0 0 1 0 0 0 0 0
2096 5 1 1 2 0 0 0 0 0
2098 1 0 0 1 0 0 0 0 0
2103 2 1 1 1 0 0 1 0 0
2106 2 0 0 1 0 0 0 0 0
2115 3 1 1 2 1 0 0 0 0
2117 3 0 0 1 0 0 0 0 0
2132 3 0 0 0 0 0 2 0 0
2134 1 1 1 1 0 0 0 0 0
2135 6 0 0 3 0 0 5 0 0
2136 1 0 0 0 0 0 0 0 0
2138 5 0 0 4 0 0 0 0 0
2146 1 0 0 0 0 0 1 0 0
2150 3 1 1 1 0 0 0 0 0
2170 4 0 0 0 0 0 1 0 0
2171 1 0 0 0 0 0 1 0 0
2172 1 0 0 0 0 0 1 0 0
2173 1 0 0 0 0 0 0 0 0
2177 1 0 0 0 0 0 1 0 0
2182 6 0 0 5 1 0 0 0 0
2350 2 0 0 1 0 0 1 0 0
2352 1 0 0 0 0 0 1 1 1
2353 1 0 0 0 0 0 1 1 1
2357 8 1 1 1 0 0 2 1 1
2359 15 0 0 3 0 0 3 1 1
2363 103 1 1 21 0 0 0 0 0
2364 19 0 0 0 0 0 0 0 0
2366 4 0 0 0 0 0 0 0 0
2372 12 0 0 2 1 1 0 0 0
2393 9 1 1 0 0 0 4 0 0
2400 9 1 1 0 0 0 4 0 0
2402 3 0 0 0 0 0 1 0 0
2446 9 1 1 0 0 0 4 0 0
2448 3 1 1 0 0 0 1 0 0
2511 2 0 0 0 0 0 1 0 0
2521 3 1 1 1 0 0 0 0 0
2551 3 0 0 1 0 0 0 0 0
fn=do_preload
655 8 1 1 0 0 0 5 0 0
657 1 0 0 0 0 0 1 0 0
661 1 0 0 0 0 0 1 0 0
662 1 0 0 0 0 0 1 0 0
663 1 0 0 0 0 0 1 0 0
665 1 0 0 1 0 0 0 0 0
667 8 1 1 0 0 0 3 0 0
668 5 0 0 3 0 0 0 0 0
676 3 1 1 1 0 0 0 0 0
682 6 0 0 5 0 0 0 0 0
fn=init_tls
574 6 0 0 0 0 0 4 0 0
576 2 0 0 1 0 0 1 0 0
580 2 0 0 1 0 0 0 0 0
581 1 0 0 0 0 0 0 0 0
586 2 0 0 0 0 0 1 0 0
589 1 0 0 0 0 0 1 0 0
590 6 1 1 0 0 0 5 0 0
595 1 0 0 0 0 0 0 0 0
597 1 0 0 0 0 0 1 0 0
601 3 0 0 1 1 1 0 0 0
602 1 0 0 0 0 0 0 0 0
603 15 1 1 1 0 0 0 0 0
604 12 0 0 6 0 0 0 0 0
605 12 0 0 6 2 0 0 0 0
609 2 0 0 0 0 0 2 0 0
611 2 0 0 0 0 0 0 0 0
613 2 0 0 0 0 0 0 0 0
616 1 1 1 0 0 0 1 0 0
623 2 0 0 0 0 0 1 0 0
624 2 0 0 0 0 0 0 0 0
630 2 1 1 1 0 0 1 0 0
633 14 1 1 2 0 0 3 0 0
636 1 0 0 0 0 0 1 0 0
638 2 0 0 0 0 0 0 0 0
639 5 1 1 4 0 0 0 0 0
fn=map_doit
481 3 1 1 1 0 0 1 0 0
483 4 0 0 1 0 0 0 0 0
484 7 1 1 2 0 0 5 1 1
486 3 0 0 2 0 0 0 0 0
fn=rtld_lock_default_lock_recursive
688 5 1 1 5 0 0 0 0 0
689 10 0 0 10 1 1 0 0 0
fn=rtld_lock_default_unlock_recursive
694 5 0 0 5 0 0 0 0 0
695 10 0 0 10 0 0 0 0 0
fn=version_check_doit
514 6 1 1 1 0 0 3 0 0
516 6 1 1 2 0 0 1 0 0
520 4 0 0 3 0 0 0 0 0
fl=/build/buildd/glibc-2.21/elf/setup-vdso.h
fn=dl_main
24 3 0 0 1 0 0 0 0 0
fl=/build/buildd/glibc-2.21/io/../sysdeps/unix/syscall-template.S
fn=__close_nocancel
81 8 1 1 3 0 0 1 0 0
fn=__write_nocancel
81 10 0 0 6 0 0 2 0 0
fn=access
81 40 1 1 10 0 0 0 0 0
82 30 1 1 5 0 0 10 0 0
fn=close
81 35 1 1 5 0 0 0 0 0
82 5 0 0 5 0 0 0 0 0
fn=open
81 207 1 1 92 0 0 23 0 0
82 113 0 0 23 0 0 36 0 0
fn=read
81 36 1 1 16 0 0 4 0 0
82 4 0 0 4 0 0 0 0 0
fn=write
81 2 1 1 1 0 0 0 0 0
fl=/build/buildd/glibc-2.21/io/../sysdeps/unix/sysv/linux/fxstat64.c
fn=__fxstat64
33 15 1 1 0 0 0 10 0 0
35 40 0 0 10 0 0 0 0 0
41 10 0 0 10 0 0 0 0 0
fn=__fxstat64@@GLIBC_2.2
33 3 1 1 0 0 0 2 0 0
35 8 0 0 3 0 0 1 0 0
41 2 0 0 2 0 0 0 0 0
fl=/build/buildd/glibc-2.21/io/../sysdeps/unix/sysv/linux/openat.c
fn=__openat_nocancel
41 5 1 1 0 0 0 4 0 0
48 10 1 1 5 0 0 1 0 0
49 4 0 0 4 0 0 0 0 0
fl=/build/buildd/glibc-2.21/io/../sysdeps/unix/sysv/linux/xstat64.c
fn=__xstat64
33 48 1 1 0 0 0 32 0 0
35 173 0 0 32 0 0 15 0 0
41 32 0 0 32 0 0 0 0 0
fl=/build/buildd/glibc-2.21/libio/filedoalloc.c
fn=_IO_file_doallocate
96 8 1 1 1 0 0 5 0 0
111 13 1 1 4 1 1 3 1 1
113 4 0 0 1 0 0 0 0 0
124 6 0 0 1 1 1 0 0 0
128 11 1 1 0 0 0 7 0 0
129 6 0 0 0 0 0 5 0 0
130 2 0 0 0 0 0 0 0 0
131 6 0 0 5 0 0 0 0 0
fl=/build/buildd/glibc-2.21/libio/fileops.c
fn=_IO_do_write@@GLIBC_2.1
480 3 1 1 1 0 0 1 0 0
482 13 1 1 2 0 0 2 0 0
483 3 0 0 2 0 0 0 0 0
fn=_IO_file_overflow@@GLIBC_2.1
795 18 2 2 4 0 0 10 0 0
796 6 0 0 2 0 0 0 0 0
803 8 0 0 2 0 0 0 0 0
806 3 1 1 1 0 0 0 0 0
808 3 1 1 0 0 0 2 1 1
809 7 0 0 2 0 0 3 0 0
818 2 0 0 0 0 0 0 0 0
827 4 1 1 2 0 0 0 0 0
829 1 0 0 0 0 0 1 0 0
830 1 0 0 0 0 0 1 0 0
831 1 0 0 0 0 0 1 0 0
832 2 0 0 0 0 0 2 0 0
834 3 0 0 0 0 0 1 0 0
835 5 0 0 1 0 0 0 0 0
838 4 0 0 0 0 0 0 0 0
839 7 0 0 0 0 0 4 0 0
840 2 1 1 1 0 0 0 0 0
841 2 0 0 1 0 0 0 0 0
844 4 0 0 0 0 0 2 1 1
845 3 0 0 1 0 0 0 0 0
846 2 0 0 0 0 0 0 0 0
850 2 0 0 0 0 0 0 0 0
851 12 0 0 10 0 0 0 0 0
fn=_IO_file_setbuf@@GLIBC_2.1
438 6 1 1 1 0 0 3 0 0
439 7 1 1 2 0 0 4 0 0
442 2 0 0 0 0 0 2 0 0
443 2 0 0 1 0 0 1 0 0
444 3 0 0 0 0 0 3 0 0
446 1 0 0 0 0 0 0 0 0
447 4 0 0 3 0 0 0 0 0
fn=_IO_file_stat
1217 1 1 1 0 0 0 0 0 0
1218 5 1 1 3 0 0 4 1 1
1219 2 0 0 1 0 0 0 0 0
fn=_IO_file_sync@@GLIBC_2.1
856 6 2 2 1 0 0 3 0 0
861 4 0 0 2 0 0 0 0 0
863 1 1 1 1 0 0 0 0 0
864 3 0 0 1 0 0 0 0 0
881 3 0 0 0 0 0 2 0 0
885 4 0 0 3 0 0 0 0 0
fn=_IO_file_write@@GLIBC_2.1
1244 5 0 0 2 0 0 3 0 0
1246 7 0 0 2 0 0 0 0 0
1251 8 1 1 2 0 0 4 0 0
1252 2 0 0 0 0 0 0 0 0
1257 1 0 0 0 0 0 0 0 0
1258 1 0 0 0 0 0 0 0 0
1261 4 0 0 2 0 0 0 0 0
1264 7 1 1 5 0 0 0 0 0
fn=_IO_file_xsputn@@GLIBC_2.1
1268 18 1 1 4 0 0 10 0 0
1274 4 0 0 0 0 0 0 0 0
1275 2 0 0 0 0 0 0 0 0
1281 4 1 1 1 0 0 0 0 0
1298 4 0 0 2 0 0 0 0 0
1299 2 0 0 0 0 0 0 0 0
1302 6 0 0 0 0 0 1 0 0
1307 8 0 0 2 0 0 5 0 0
1312 1 0 0 1 0 0 0 0 0
1313 4 0 0 0 0 0 0 0 0
1315 2 0 0 0 0 0 0 0 0
1342 2 0 0 0 0 0 0 0 0
1343 12 1 1 10 0 0 0 0 0
fn=new_do_write
489 5 1 1 0 0 0 3 0 0
491 2 0 0 1 0 0 0 0 0
498 4 1 1 2 0 0 0 0 0
501 1 0 0 0 0 0 0 0 0
506 9 1 1 4 0 0 4 0 0
507 6 0 0 1 0 0 0 0 0
509 4 0 0 1 0 0 3 0 0
510 2 0 0 0 0 0 2 0 0
511 1 0 0 0 0 0 1 0 0
512 3 1 1 1 0 0 0 0 0
513 4 0 0 2 0 0 0 0 0
515 4 0 0 4 0 0 0 0 0
fl=/build/buildd/glibc-2.21/libio/genops.c
fn=_IO_cleanup
950 14 0 0 4 0 0 0 0 0
952 9 0 0 3 0 0 0 0 0
953 4 0 0 0 0 0 0 0 0
954 2 0 0 0 0 0 0 0 0
956 4 1 1 1 0 0 0 0 0
962 17 1 1 7 0 0 2 0 0
970 5 0 0 2 0 0 0 0 0
972 2 1 1 0 0 0 1 0 0
974 2 0 0 1 0 0 1 0 0
975 1 0 0 0 0 0 1 0 0
976 2 1 1 1 0 0 1 0 0
977 4 0 0 1 0 0 1 0 0
980 7 0 0 3 0 0 4 0 0
983 6 1 1 1 0 0 0 0 0
984 8 0 0 3 0 0 1 0 0
990 3 1 1 0 0 0 3 0 0
1010 7 2 2 0 0 0 5 0 0
1013 3 0 0 0 0 0 3 0 0
1025 7 0 0 6 0 0 0 0 0
fn=_IO_default_setbuf
557 6 1 1 3 0 0 3 0 0
558 8 0 0 3 0 0 2 0 0
560 2 0 0 0 0 0 0 0 0
562 1 0 0 1 0 0 0 0 0
563 9 2 2 0 0 0 5 0 0
570 3 0 0 0 0 0 3 0 0
571 3 0 0 0 0 0 3 0 0
572 1 0 0 0 0 0 0 0 0
573 4 0 0 4 0 0 0 0 0
fn=_IO_doallocbuf
414 3 1 1 1 0 0 1 0 0
415 3 0 0 1 0 0 0 0 0
417 2 0 0 1 0 0 0 0 0
418 8 1 1 3 0 0 2 0 0
421 3 0 0 2 0 0 0 0 0
fn=_IO_flush_all_lockp
822 8 2 2 1 0 0 5 0 0
828 4 1 1 0 0 0 2 0 0
833 1 0 0 1 1 1 0 0 0
834 1 1 1 1 1 1 0 0 0
835 8 0 0 0 0 0 0 0 0
837 3 0 0 0 0 0 3 0 0
838 6 1 1 0 0 0 0 0 0
839 3 1 1 1 0 0 1 0 0
841 20 1 1 10 4 4 0 0 0
848 6 0 0 2 0 0 3 0 0
849 4 0 0 1 0 0 1 0 0
851 6 1 1 0 0 0 0 0 0
853 3 0 0 0 0 0 3 0 0
855 9 1 1 3 0 0 0 0 0
862 3 0 0 3 0 0 0 0 0
866 2 0 0 0 0 0 0 0 0
868 3 0 0 1 0 0 0 0 0
872 7 0 0 6 0 0 0 0 0
fn=_IO_setb
399 12 1 1 2 0 0 6 0 0
400 10 0 0 4 0 0 0 0 0
402 4 1 1 2 0 0 2 0 0
403 4 0 0 2 0 0 2 0 0
404 6 0 0 2 0 0 0 0 0
405 2 0 0 0 0 0 1 0 0
407 2 0 0 0 0 0 1 0 0
408 8 0 0 6 0 0 0 0 0
fn=__overflow
239 6 1 1 1 0 0 3 0 0
241 3 0 0 1 0 0 0 0 0
243 6 1 1 4 0 0 3 0 0
244 4 0 0 3 0 0 0 0 0
fl=/build/buildd/glibc-2.21/libio/oldstdfiles.c
fn=_IO_check_libio
77 4 1 1 0 0 0 3 0 0
78 3 0 0 1 0 0 0 0 0
91 3 0 0 3 0 0 0 0 0
fl=/build/buildd/glibc-2.21/malloc/arena.c
fn=malloc_hook_ini
358 3 0 0 1 1 1 0 0 0
fn=ptmalloc_init.part.6
319 222 1 1 74 5 0 0 0 0
321 146 0 0 73 34 0 0 0 0
322 2 0 0 1 0 0 0 0 0
323 2 0 0 1 0 0 0 0 0
337 73 0 0 0 0 0 0 0 0
356 7 1 1 0 0 0 5 0 0
361 1 0 0 0 0 0 1 0 0
369 3 0 0 1 1 1 0 0 0
370 9 1 1 0 0 0 2 0 0
371 5 1 1 2 0 0 0 0 0
376 4 1 1 2 2 0 1 1 0
377 14 1 1 1 1 0 7 2 0
379 7 0 0 2 1 0 0 0 0
440 2 1 1 0 0 0 0 0 0
446 2 1 1 2 0 0 0 0 0
447 2 0 0 0 0 0 0 0 0
449 1 0 0 0 0 0 1 1 0
450 6 0 0 5 1 0 0 0 0
fl=/build/buildd/glibc-2.21/malloc/hooks.c
fn=malloc_hook_ini
29 6 1 1 1 0 0 3 0 0
30 2 0 0 1 0 0 1 0 0
32 3 1 1 0 0 0 2 0 0
33 3 0 0 2 0 0 0 0 0
fl=/build/buildd/glibc-2.21/malloc/malloc.c
fn=_int_free
1870 3 0 0 1 0 0 0 0 0
3808 9 1 1 0 0 0 6 0 0
3821 3 0 0 1 0 0 0 0 0
3827 4 0 0 0 0 0 0 0 0
3828 2 0 0 0 0 0 0 0 0
3839 2 1 1 0 0 0 0 0 0
3852 2 0 0 1 0 0 0 0 0
3927 2 1 1 0 0 0 0 0 0
3928 3 0 0 1 0 0 0 0 0
3929 7 2 2 4 0 0 0 0 0
3930 2 0 0 0 0 0 1 0 0
3933 1 0 0 0 0 0 0 0 0
3937 3 0 0 1 0 0 0 0 0
3943 5 1 1 2 0 0 0 0 0
3945 3 1 1 1 0 0 0 0 0
3951 3 0 0 1 0 0 0 0 0
3957 3 0 0 0 0 0 1 0 0
3958 2 0 0 0 0 0 0 0 0
3959 3 1 1 2 0 0 0 0 0
3968 2 0 0 1 0 0 0 0 0
3975 3 1 1 2 0 0 0 0 0
4021 1 0 0 1 0 0 0 0 0
4022 3 0 0 0 0 0 1 0 0
4023 3 0 0 1 0 0 1 0 0
4040 2 1 1 0 0 0 0 0 0
4041 3 0 0 2 0 0 0 0 0
4044 3 0 0 1 0 0 0 0 0
4046 5 1 1 3 0 0 0 0 0
4048 10 1 1 2 0 0 2 0 0
4060 3 1 1 1 0 0 0 0 0
4061 3 0 0 1 0 0 0 0 0
4062 6 1 1 3 0 0 0 0 0
4072 6 0 0 5 0 0 0 0 0
fn=_int_malloc
1863 15 1 1 5 0 0 0 0 0
2272 20 1 1 8 2 0 8 0 0
2273 2 0 0 0 0 0 1 0 0
2283 21 0 0 14 2 0 0 0 0
2298 21 0 0 9 0 0 0 0 0
2304 6 0 0 0 0 0 0 0 0
2306 27 1 1 0 0 0 21 0 0
2308 9 1 1 0 0 0 0 0 0
2323 9 0 0 0 0 0 0 0 0
2338 9 0 0 0 0 0 3 3 3
2343 12 0 0 6 0 0 0 0 0
2344 15 0 0 6 0 0 0 0 0
2347 12 1 1 6 0 0 0 0 0
2348 15 0 0 6 0 0 0 0 0
2361 3 1 1 1 0 0 1 0 0
2370 7 1 1 2 0 0 1 0 0
2379 4 0 0 0 0 0 1 0 0
2434 3 1 1 2 0 0 0 0 0
2442 3 1 1 1 0 0 0 0 0
2453 8 0 0 2 0 0 2 0 0
2461 2 0 0 0 0 0 0 0 0
2463 9 1 1 4 1 0 3 0 0
2464 1 0 0 0 0 0 0 0 0
2467 2 0 0 0 0 0 0 0 0
2470 2 0 0 2 0 0 0 0 0
2471 2 0 0 0 0 0 0 0 0
2490 1 0 0 0 0 0 0 0 0
2494 2 0 0 1 0 0 0 0 0
2517 3 0 0 1 0 0 0 0 0
2518 1 0 0 0 0 0 1 0 0
2519 3 0 0 1 0 0 1 0 0
2525 2 1 1 1 0 0 0 0 0
2528 4 1 1 2 0 0 0 0 0
2564 2 1 1 1 0 0 0 0 0
2570 6 2 2 0 0 0 1 0 0
2589 1 0 0 1 0 0 0 0 0
2592 3 0 0 0 0 0 0 0 0
2593 6 1 1 2 0 0 1 0 0
2595 2 0 0 0 0 0 0 0 0
2596 4 0 0 3 0 0 2 0 0
2608 3 0 0 0 0 0 0 0 0
2616 3 0 0 3 0 0 0 0 0
2617 2 0 0 0 0 0 0 0 0
2655 2 1 1 1 0 0 1 0 0
2656 4 0 0 0 0 0 1 1 1
2657 3 0 0 1 0 0 1 0 0
2668 2 0 0 1 0 0 0 0 0
2701 2 1 1 1 0 0 0 0 0
2702 1 0 0 0 0 0 1 0 0
2707 2 0 0 1 0 0 0 0 0
2710 2 0 0 1 0 0 0 0 0
2712 3 1 1 1 0 0 1 0 0
2713 1 0 0 0 0 0 0 0 0
2714 1 0 0 0 0 0 1 0 0
2715 8 0 0 1 0 0 1 0 0
2716 3 0 0 1 0 0 1 1 1
2718 1 0 0 0 0 0 0 0 0
3296 35 1 1 0 0 0 25 0 0
3326 51 0 0 0 0 0 11 0 0
3334 10 1 1 5 0 0 0 0 0
3337 1 0 0 0 0 0 0 0 0
3338 2 0 0 1 0 0 1 0 0
3342 2 0 0 0 0 0 0 0 0
3371 11 1 1 5 0 0 0 0 0
3374 1 0 0 0 0 0 0 0 0
3376 3 0 0 1 0 0 0 0 0
3415 87 5 5 18 0 0 4 0 0
3416 8 1 1 4 0 0 0 0 0
3417 2 0 0 0 0 0 1 0 0
3436 25 1 1 10 0 0 5 0 0
3456 15 1 1 5 0 0 5 0 0
3570 10 1 1 5 0 0 0 0 0
3572 8 1 1 4 0 0 0 0 0
3575 12 0 0 4 0 0 0 0 0
3643 10 0 0 5 0 0 0 0 0
3644 5 0 0 0 0 0 0 0 0
3645 10 0 0 0 0 0 0 0 0
3646 10 1 1 5 0 0 0 0 0
3647 10 0 0 0 0 0 0 0 0
3652 35 0 0 5 0 0 5 0 0
3656 24 1 1 0 0 0 0 0 0
3659 9 0 0 3 0 0 0 0 0
3734 4 1 1 0 0 0 4 0 0
3759 6 0 0 5 0 0 0 0 0
3760 16 1 1 5 0 0 1 0 0
3762 10 0 0 5 0 0 0 0 0
3764 3 1 1 1 0 0 1 0 0
3765 1 0 0 0 0 0 0 0 0
3766 1 0 0 0 0 0 1 0 0
3767 9 0 0 0 0 0 1 0 0
3769 3 0 0 1 0 0 1 0 0
3772 1 0 0 0 0 0 0 0 0
3779 8 0 0 4 0 0 0 0 0
3784 30 0 0 5 0 0 10 0 0
3786 140 1 1 5 0 0 50 0 0
3795 8 0 0 0 0 0 0 0 0
3800 35 1 1 25 0 0 0 0 0
fn=free
2916 20 1 1 4 0 0 8 0 0
2921 8 0 0 8 2 2 0 0 0
2922 8 0 0 0 0 0 0 0 0
2928 8 0 0 0 0 0 0 0 0
2931 4 0 0 0 0 0 0 0 0
2933 12 0 0 4 3 3 0 0 0
2936 9 0 0 3 1 1 0 0 0
2938 12 0 0 3 0 0 0 0 0
2945 6 0 0 0 0 0 0 0 0
2949 3 0 0 0 0 0 0 0 0
2950 2 1 1 0 0 0 1 0 0
2951 8 1 1 4 0 0 0 0 0
fn=malloc
2880 30 1 1 0 0 0 18 0 0
2885 12 0 0 12 3 0 0 0 0
2886 12 0 0 0 0 0 0 0 0
2887 5 1 1 2 0 0 3 0 0
2889 15 1 1 15 0 0 0 0 0
2891 40 0 0 10 1 1 0 0 0
2895 20 1 1 5 0 0 5 0 0
2896 10 0 0 0 0 0 0 0 0
2907 20 0 0 10 0 0 0 0 0
2908 30 0 0 5 0 0 0 0 0
2911 24 0 0 18 0 0 0 0 0
fn=malloc_consolidate
4089 7 1 1 0 0 0 5 0 0
4111 3 0 0 1 0 0 0 0 0
4181 1 0 0 0 0 0 0 0 0
4184 5 1 1 4 0 0 0 0 0
fn=malloc_init_state
1781 9 1 1 0 0 0 3 0 0
1786 254 0 0 0 0 0 0 0 0
1789 381 1 1 0 0 0 254 16 16
1793 3 0 0 0 0 0 0 0 0
1797 1 0 0 0 0 0 1 0 0
1798 2 1 1 0 0 0 1 0 0
1800 1 0 0 0 0 0 1 0 0
1801 4 0 0 4 0 0 0 0 0
fn=munmap_chunk
2806 15 1 1 0 0 0 12 0 0
2807 9 0 0 3 0 0 0 0 0
2809 6 0 0 0 0 0 0 0 0
2811 9 0 0 3 0 0 0 0 0
2812 3 0 0 0 0 0 0 0 0
2818 21 1 1 6 0 0 0 0 0
2825 3 0 0 6 0 0 0 0 0
2826 9 0 0 6 0 0 0 0 0
2831 15 0 0 0 0 0 9 0 0
2832 12 0 0 12 0 0 0 0 0
fn=systrim.isra.1
2737 8 2 2 0 0 0 5 0 0
2747 2 0 0 2 0 0 0 0 0
2748 4 0 0 2 0 0 0 0 0
2750 1 0 0 0 0 0 0 0 0
2751 2 0 0 0 0 0 0 0 0
2755 2 0 0 0 0 0 0 0 0
2757 2 0 0 0 0 0 0 0 0
2764 5 0 0 2 0 0 2 0 0
2765 5 1 1 1 0 0 0 0 0
2777 7 0 0 2 0 0 3 0 0
2779 2 0 0 2 0 0 0 0 0
2780 5 0 0 1 0 0 1 0 0
2782 6 1 1 3 0 0 2 0 0
2784 1 0 0 0 0 0 0 0 0
2786 2 0 0 0 0 0 0 0 0
2790 2 0 0 0 0 0 0 0 0
2793 2 0 0 2 0 0 0 0 0
2794 5 0 0 1 0 0 1 0 0
2796 2 0 0 0 0 0 0 0 0
2801 6 0 0 5 0 0 0 0 0
fl=/build/buildd/glibc-2.21/malloc/morecore.c
fn=__default_morecore
46 5 1 1 0 0 0 0 0 0
47 10 0 0 5 0 0 10 0 0
48 15 0 0 0 0 0 0 0 0
52 10 0 0 5 0 0 0 0 0
fl=/build/buildd/glibc-2.21/math/../sysdeps/ieee754/dbl-64/s_isinf.c
fn=isinf
23 2 1 1 2 0 0 0 0 0
24 4 0 0 0 0 0 0 0 0
25 3 0 0 0 0 0 0 0 0
26 4 0 0 0 0 0 0 0 0
27 1 0 0 1 0 0 0 0 0
fl=/build/buildd/glibc-2.21/math/../sysdeps/ieee754/dbl-64/s_isnan.c
fn=isnan
30 2 1 1 2 0 0 0 0 0
31 1 0 0 0 0 0 0 0 0
32 5 0 0 0 0 0 0 0 0
33 2 0 0 0 0 0 0 0 0
34 1 0 0 0 0 0 0 0 0
35 1 0 0 1 0 0 0 0 0
fl=/build/buildd/glibc-2.21/misc/../sysdeps/unix/syscall-template.S
fn=mprotect
81 54 1 1 24 0 0 6 0 0
82 6 0 0 6 0 0 0 0 0
fn=munmap
81 32 2 2 11 0 0 3 0 0
82 4 0 0 4 0 0 0 0 0
fl=/build/buildd/glibc-2.21/misc/../sysdeps/unix/sysv/linux/getpagesize.c
fn=getpagesize
27 4 1 1 0 0 0 2 0 0
28 4 0 0 2 0 0 0 0 0
30 3 0 0 2 0 0 0 0 0
fl=/build/buildd/glibc-2.21/misc/../sysdeps/unix/sysv/linux/getsysstats.c
fn=get_nprocs_conf
233 7 1 1 0 0 0 5 0 0
238 5 0 0 0 0 0 3 0 0
239 5 1 1 0 0 0 0 0 0
244 108 1 1 0 0 0 36 0 0
246 102 1 1 61 2 2 0 0 0
249 38 0 0 6 0 0 25 0 0
250 36 0 0 6 0 0 0 0 0
251 8 0 0 8 0 0 0 0 0
254 3 0 0 0 0 0 2 0 0
256 2 0 0 1 0 0 0 0 0
278 6 0 0 5 0 0 0 0 0
fl=/build/buildd/glibc-2.21/misc/../sysdeps/unix/sysv/linux/i386/brk.c
fn=brk
33 12 1 1 3 0 0 6 0 0
37 15 0 0 3 0 0 3 0 0
39 6 0 0 3 0 0 3 0 0
41 6 0 0 0 0 0 0 0 0
47 3 0 0 0 0 0 0 0 0
48 6 0 0 6 0 0 0 0 0
fl=/build/buildd/glibc-2.21/misc/../sysdeps/unix/sysv/linux/i386/mmap.S
fn=mmap
27 18 2 2 0 0 0 18 0 0
29 18 0 0 0 0 0 18 0 0
31 18 0 0 0 0 0 18 0 0
33 18 0 0 0 0 0 18 2 2
36 18 0 0 18 0 0 0 0 0
38 18 0 0 18 0 0 0 0 0
39 18 0 0 18 0 0 0 0 0
40 18 0 0 18 0 0 0 0 0
42 18 0 0 18 0 0 0 0 0
44 18 0 0 18 0 0 0 0 0
46 18 0 0 0 0 0 0 0 0
47 18 0 0 0 0 0 0 0 0
48 18 0 0 0 0 0 0 0 0
49 18 0 0 0 0 0 0 0 0
51 18 1 1 0 0 0 0 0 0
54 18 0 0 4 0 0 4 0 0
57 18 0 0 18 0 0 0 0 0
60 18 0 0 18 0 0 0 0 0
63 18 0 0 18 0 0 0 0 0
66 18 0 0 18 0 0 0 0 0
71 18 0 0 0 0 0 0 0 0
72 18 0 0 0 0 0 0 0 0
75 18 0 0 18 0 0 0 0 0
fl=/build/buildd/glibc-2.21/misc/init-misc.c
fn=__init_misc
30 6 1 1 1 0 0 4 0 0
31 5 0 0 1 0 0 0 0 0
33 5 1 1 0 0 0 3 0 0
34 2 0 0 0 0 0 0 0 0
37 3 0 0 1 1 0 1 1 0
38 3 0 0 2 0 0 1 0 0
40 4 0 0 4 0 0 0 0 0
fl=/build/buildd/glibc-2.21/misc/sbrk.c
fn=sbrk
34 40 2 2 5 0 0 25 0 0
42 32 0 0 14 1 0 0 0 0
43 8 1 1 1 0 0 2 0 0
46 10 0 0 0 0 0 0 0 0
50 4 0 0 0 0 0 0 0 0
52 2 0 0 0 0 0 0 0 0
53 16 0 0 0 0 0 4 0 0
57 35 0 0 25 0 0 0 0 0
fl=/build/buildd/glibc-2.21/nptl/../include/list.h
fn=__pthread_initialize_minimal
60 1 0 0 0 0 0 1 0 0
61 1 0 0 0 0 0 1 0 0
62 1 1 1 0 0 0 1 0 0
64 1 0 0 0 0 0 1 0 0
fl=/build/buildd/glibc-2.21/nptl/../nptl/pthread_mutex_lock.c
fn=pthread_mutex_lock
64 16 2 2 2 0 0 10 0 0
67 6 0 0 2 0 0 0 0 0
69 2 0 0 0 0 0 0 0 0
71 6 0 0 0 0 0 0 0 0
75 4 0 0 0 0 0 0 0 0
84 4 2 2 0 0 0 0 0 0
95 8 0 0 0 0 0 0 0 0
99 2 0 0 2 0 0 0 0 0
102 4 0 0 2 0 0 0 0 0
115 8 0 0 2 0 0 0 0 0
117 6 2 2 2 0 0 0 0 0
118 4 0 0 0 0 0 2 0 0
159 2 2 2 2 0 0 0 0 0
162 2 0 0 0 0 0 2 0 0
164 2 0 0 2 0 0 0 0 0
167 2 0 0 0 0 0 0 0 0
169 2 0 0 0 0 0 0 0 0
170 12 0 0 10 0 0 0 0 0
fl=/build/buildd/glibc-2.21/nptl/../sysdeps/i386/crti.S
fn=__x86.get_pc_thunk.bx
66 40 1 1 40 0 0 0 0 0
fl=/build/buildd/glibc-2.21/nptl/../sysdeps/unix/sysv/linux/bits/sigset.h
fn=__pthread_initialize_minimal
117 2 1 1 2 0 0 0 0 0
fl=/build/buildd/glibc-2.21/nptl/../sysdeps/unix/sysv/linux/i386/sigaction.c
fn=__libc_sigaction
50 18 2 2 4 0 0 10 0 0
55 4 0 0 0 0 0 0 0 0
57 4 0 0 2 0 0 2 0 0
58 4 0 0 2 0 0 2 0 0
59 74 0 0 64 0 0 64 0 0
61 8 0 0 4 0 0 0 0 0
63 6 1 1 0 0 0 2 0 0
65 4 1 1 0 0 0 2 0 0
66 8 0 0 0 0 0 0 0 0
72 28 1 1 4 0 0 2 0 0
76 8 0 0 0 0 0 0 0 0
84 12 0 0 10 0 0 0 0 0
fl=/build/buildd/glibc-2.21/nptl/../sysdeps/unix/sysv/linux/i386/smp.h
fn=__pthread_initialize_minimal
39 7 0 0 0 0 0 2 0 0
40 1 0 0 0 0 0 0 0 0
54 9 0 0 0 0 0 3 0 0
fl=/build/buildd/glibc-2.21/nptl/../sysdeps/unix/sysv/linux/pthread_getaffinity.c
fn=pthread_getaffinity_np@@GLIBC_2.3.4
31 7 1 1 2 0 0 4 0 0
35 10 1 1 3 0 0 1 0 0
37 2 0 0 0 0 0 0 0 0
41 7 0 0 0 0 0 4 0 0
43 2 0 0 0 0 0 0 0 0
44 4 0 0 4 0 0 0 0 0
fl=/build/buildd/glibc-2.21/nptl/../sysdeps/unix/sysv/linux/x86/elision-conf.c
fn=elision_init
64 4 1 1 0 0 0 2 0 0
65 6 0 0 1 0 0 2 1 1
67 6 1 1 2 0 0 1 0 0
69 2 0 0 0 0 0 0 0 0
70 1 0 0 0 0 0 1 0 0
71 3 0 0 2 0 0 0 0 0
fl=/build/buildd/glibc-2.21/nptl/../sysdeps/x86_64/multiarch/init-arch.c
fn=__get_cpu_features
211 3 1 1 0 0 0 2 0 0
212 3 0 0 1 1 1 0 0 0
213 1 0 0 0 0 0 1 0 0
216 3 0 0 2 0 0 0 0 0
fn=__init_cpu_features
31 8 0 0 0 0 0 4 0 0
37 4 0 0 0 0 0 0 0 0
38 4 0 0 0 0 0 0 0 0
39 3 1 1 0 0 0 1 0 0
45 7 2 2 0 0 0 5 0 0
54 6 0 0 0 0 0 1 0 0
57 10 0 0 0 0 0 0 0 0
59 4 0 0 0 0 0 3 0 0
65 3 0 0 0 0 0 0 0 0
66 2 0 0 0 0 0 0 0 0
71 3 0 0 0 0 0 1 0 0
74 1 0 0 0 0 0 0 0 0
75 3 0 0 0 0 0 0 0 0
105 3 2 2 0 0 0 0 0 0
156 2 1 1 1 0 0 0 0 0
157 9 1 1 0 0 0 4 0 0
164 3 0 0 1 0 0 0 0 0
196 4 3 3 1 0 0 0 0 0
197 4 0 0 0 0 0 0 0 0
198 2 0 0 0 0 0 0 0 0
199 1 1 1 0 0 0 0 0 0
201 1 0 0 0 0 0 1 0 0
202 1 0 0 0 0 0 1 0 0
204 2 0 0 1 0 0 1 0 0
205 6 0 0 5 0 0 0 0 0
fl=/build/buildd/glibc-2.21/nptl/cleanup_defer_compat.c
fn=_pthread_cleanup_pop_restore
65 3 1 1 1 0 0 1 0 0
68 2 0 0 1 0 0 1 0 0
71 3 0 0 1 0 0 0 0 0
94 3 0 0 1 0 0 0 0 0
96 3 0 0 2 0 0 0 0 0
fn=_pthread_cleanup_push_defer
27 2 1 1 1 0 0 1 0 0
30 2 0 0 1 0 0 1 1 1
31 2 0 0 1 0 0 1 0 0
32 2 0 0 1 1 1 1 0 0
34 2 1 1 1 1 1 0 0 0
37 2 0 0 0 0 0 0 0 0
52 1 0 0 0 0 0 1 0 0
54 3 0 0 0 0 0 0 0 0
56 1 0 0 0 0 0 1 0 0
57 2 0 0 2 0 0 0 0 0
fl=/build/buildd/glibc-2.21/nptl/libc_pthread_init.c
fn=__libc_pthread_init
45 6 1 1 0 0 0 3 0 0
47 1 0 0 0 0 0 1 1 1
50 8 1 1 0 0 0 5 0 0
69 108 0 0 0 0 0 0 0 0
72 162 0 0 108 0 0 0 0 0
73 108 0 0 0 0 0 54 3 3
75 1 0 0 0 0 0 1 0 0
81 4 0 0 3 0 0 0 0 0
fl=/build/buildd/glibc-2.21/nptl/nptl-init.c
fn=__pthread_initialize_minimal
299 7 1 1 0 0 0 5 0 0
313 1 0 0 1 0 0 0 0 0
316 7 1 1 1 0 0 3 1 0
318 2 0 0 0 0 0 1 1 0
319 1 0 0 0 0 0 1 1 0
323 5 0 0 3 0 0 2 0 0
330 2 0 0 0 0 0 1 0 0
332 1 1 1 0 0 0 1 0 0
335 5 0 0 1 0 0 1 0 0
380 3 0 0 2 0 0 1 1 0
383 2 0 0 0 0 0 1 1 1
384 1 0 0 0 0 0 0 0 0
388 2 0 0 1 1 0 1 0 0
392 40 0 0 0 0 0 34 0 0
398 2 1 1 0 0 0 1 0 0
399 1 0 0 0 0 0 1 0 0
400 5 0 0 0 0 0 4 0 0
405 2 0 0 0 0 0 1 0 0
406 1 0 0 0 0 0 1 0 0
407 5 0 0 0 0 0 4 0 0
419 8 0 0 3 0 0 1 0 0
426 4 0 0 0 0 0 1 0 0
429 3 0 0 1 0 0 0 0 0
431 3 1 1 0 0 0 1 0 0
433 6 1 1 1 0 0 1 0 0
438 8 1 1 0 0 0 3 0 0
439 3 1 1 1 0 0 0 0 0
443 1 0 0 0 0 0 0 0 0
446 3 0 0 0 0 0 0 0 0
450 2 0 0 2 0 0 0 0 0
451 5 0 0 1 0 0 0 0 0
456 5 0 0 0 0 0 1 0 0
457 4 1 1 1 0 0 0 0 0
458 2 0 0 1 0 0 1 0 0
459 1 0 0 0 0 0 1 1 1
460 2 0 0 2 0 0 0 0 0
464 5 0 0 2 0 0 3 0 0
465 2 0 0 1 0 0 1 0 0
469 2 0 0 0 0 0 1 1 0
470 2 1 1 0 0 0 1 0 0
471 1 0 0 1 0 0 0 0 0
472 1 0 0 0 0 0 1 0 0
473 2 0 0 0 0 0 0 0 0
474 1 1 1 0 0 0 0 0 0
476 2 0 0 0 0 0 1 0 0
479 2 1 1 0 0 0 1 0 0
481 2 0 0 0 0 0 1 0 0
487 4 0 0 0 0 0 1 0 0
491 1 0 0 0 0 0 1 0 0
492 6 0 0 5 0 0 0 0 0
fl=/build/buildd/glibc-2.21/nptl/pthread_attr_init.c
fn=pthread_attr_init@@GLIBC_2.1
35 6 2 2 1 0 0 4 0 0
41 18 0 0 0 0 0 10 0 0
47 2 0 0 0 0 0 2 0 0
50 5 0 0 4 0 0 0 0 0
fl=/build/buildd/glibc-2.21/nptl/pthread_attr_setdetachstate.c
fn=pthread_attr_setdetachstate
28 2 1 1 2 0 0 0 0 0
35 2 0 0 0 0 0 0 0 0
41 1 0 0 1 0 0 0 0 0
45 2 0 0 1 0 0 0 0 0
fl=/build/buildd/glibc-2.21/nptl/pthread_key_create.c
fn=pthread_key_create
28 8 2 2 0 0 0 4 0 0
30 1 0 0 0 0 0 0 0 0
32 1 0 0 1 1 0 0 0 0
34 5 0 0 0 0 0 0 0 0
36 3 0 0 1 0 0 0 0 0
40 2 0 0 1 0 0 1 0 0
43 2 1 1 1 0 0 1 0 0
46 2 0 0 0 0 0 0 0 0
51 4 0 0 4 0 0 0 0 0
fl=/build/buildd/glibc-2.21/nptl/pthread_key_delete.c
fn=pthread_key_delete
27 4 0 0 1 0 0 2 0 0
30 2 0 0 0 0 0 0 0 0
32 1 0 0 1 1 1 0 0 0
34 2 1 1 0 0 0 0 0 0
35 4 0 0 1 0 0 0 0 0
38 1 0 0 0 0 0 0 0 0
42 2 0 0 2 0 0 0 0 0
fl=/build/buildd/glibc-2.21/nptl/pthread_mutex_unlock.c
fn=__pthread_mutex_unlock_usercnt
40 16 1 1 0 0 0 10 1 0
41 6 0 0 2 1 0 0 0 0
42 4 1 1 0 0 0 0 0 0
46 4 0 0 0 0 0 0 0 0
51 2 0 0 0 0 0 2 0 0
52 4 0 0 0 0 0 0 0 0
54 4 0 0 2 0 0 0 0 0
57 8 0 0 4 0 0 0 0 0
59 2 0 0 0 0 0 0 0 0
61 2 0 0 0 0 0 0 0 0
63 4 1 1 0 0 0 0 0 0
69 8 0 0 0 0 0 0 0 0
73 6 1 1 4 1 0 0 0 0
76 10 0 0 2 0 0 2 0 0
78 2 0 0 0 0 0 0 0 0
93 12 0 0 10 0 0 0 0 0
fn=pthread_mutex_unlock
315 6 1 1 2 0 0 0 0 0
fl=/build/buildd/glibc-2.21/nptl/pthread_self.c
fn=pthread_self
26 1 1 1 1 0 0 0 0 0
27 1 0 0 1 0 0 0 0 0
fl=/build/buildd/glibc-2.21/nptl/register-atfork.c
fn=__linkin_atfork
116 4 1 1 1 0 0 2 0 0
118 2 1 1 1 1 0 1 0 0
119 6 0 0 2 0 0 0 0 0
121 2 0 0 2 0 0 0 0 0
fn=__register_atfork
46 2 0 0 0 0 0 0 0 0
53 2 1 1 0 0 0 0 0 0
54 3 0 0 1 1 1 0 0 0
73 3 0 0 0 0 0 0 0 0
74 2 0 0 0 0 0 1 0 0
75 1 0 0 0 0 0 1 0 0
88 5 1 1 0 0 0 3 0 0
90 6 0 0 2 1 1 0 0 0
97 2 0 0 1 0 0 1 0 0
98 2 1 1 1 0 0 1 0 0
99 2 0 0 1 0 0 1 0 0
100 3 0 0 1 0 0 1 0 0
106 4 1 1 2 0 0 0 0 0
108 3 0 0 0 0 0 0 0 0
109 4 0 0 3 0 0 0 0 0
118 2 0 0 1 0 0 1 0 0
119 6 0 0 2 0 0 0 0 0
fl=/build/buildd/glibc-2.21/nptl/unregister-atfork.c
fn=__unregister_atfork
28 27 2 2 3 0 0 15 0 0
36 3 0 0 3 0 0 0 0 0
39 18 0 0 0 0 0 0 0 0
40 15 0 0 6 2 2 0 0 0
45 6 0 0 6 0 0 0 0 0
121 18 0 0 15 0 0 0 0 0
fl=/build/buildd/glibc-2.21/posix/../posix/sched_cpucount.c
fn=generic_cpucount
24 3 1 1 0 0 0 3 0 0
26 1 0 0 1 0 0 0 0 0
27 3 0 0 1 0 0 0 0 0
29 7 1 1 0 0 0 0 0 0
31 2 0 0 1 0 0 0 0 0
36 2 0 0 0 0 0 0 0 0
47 5 0 0 0 0 0 0 0 0
48 5 1 1 0 0 0 0 0 0
49 5 0 0 0 0 0 0 0 0
50 5 0 0 0 0 0 0 0 0
51 3 0 0 0 0 0 0 0 0
54 1 0 0 0 0 0 0 0 0
59 4 0 0 4 0 0 0 0 0
fl=/build/buildd/glibc-2.21/posix/../sysdeps/posix/sysconf.c
fn=sysconf
54 5 1 1 1 1 1 0 0 0
628 2 1 1 0 0 0 1 0 0
fl=/build/buildd/glibc-2.21/posix/../sysdeps/unix/syscall-template.S
fn=uname
81 14 2 2 3 0 0 1 0 0
82 2 0 0 2 0 0 0 0 0
fl=/build/buildd/glibc-2.21/posix/../sysdeps/unix/sysv/linux/i386/_exit.S
fn=_Exit
24 1 1 1 1 0 0 0 0 0
28 1 0 0 0 0 0 0 0 0
29 1 0 0 1 0 0 1 0 0
fl=/build/buildd/glibc-2.21/posix/../sysdeps/unix/sysv/linux/x86_64/../sysconf.c
fn=sysconf
72 5 1 1 0 0 0 0 0 0
fl=/build/buildd/glibc-2.21/posix/../sysdeps/unix/sysv/linux/x86_64/sysconf.c
fn=sysconf
32 8 1 1 1 0 0 5 0 0
33 3 0 0 0 0 0 0 0 0
37 6 1 1 5 1 0 0 0 0
fl=/build/buildd/glibc-2.21/posix/../sysdeps/x86_64/multiarch/sched_cpucount.c
fn=__sched_cpucount
35 4 1 1 0 0 0 2 0 0
fl=/build/buildd/glibc-2.21/resource/../sysdeps/unix/syscall-template.S
fn=getrlimit@@GLIBC_2.2
81 8 1 1 3 0 0 1 0 0
82 1 0 0 1 0 0 0 0 0
fl=/build/buildd/glibc-2.21/rt/../sysdeps/unix/clock_gettime.c
fn=clock_gettime
93 12 1 1 4 0 0 4 0 0
115 22 1 1 4 2 2 6 0 0
134 6 0 0 4 0 0 0 0 0
fl=/build/buildd/glibc-2.21/setjmp/../sysdeps/i386/bsd-_setjmp.S
fn=_setjmp
33 1 1 1 0 0 0 0 0 0
34 1 0 0 1 0 0 0 0 0
37 1 0 0 0 0 0 1 0 0
38 1 0 0 0 0 0 1 0 0
39 1 0 0 0 0 0 1 0 0
40 1 0 0 0 0 0 0 0 0
42 2 0 0 1 0 0 0 0 0
44 1 0 0 0 0 0 1 0 0
45 1 1 1 1 0 0 0 0 0
46 1 0 0 0 0 0 0 0 0
48 2 0 0 1 0 0 0 0 0
50 1 0 0 0 0 0 1 0 0
51 1 0 0 0 0 0 1 0 0
53 1 0 0 0 0 0 1 0 0
54 1 0 0 1 0 0 0 0 0
fl=/build/buildd/glibc-2.21/setjmp/../sysdeps/i386/setjmp.S
fn=__sigsetjmp
30 9 1 1 9 0 0 0 0 0
33 9 0 0 0 0 0 9 0 0
34 9 0 0 0 0 0 9 0 0
35 9 0 0 0 0 0 9 0 0
36 9 0 0 0 0 0 0 0 0
40 9 0 0 0 0 0 9 0 0
41 9 0 0 9 0 0 0 0 0
42 9 0 0 0 0 0 0 0 0
46 9 0 0 0 0 0 9 0 0
47 9 0 0 0 0 0 9 0 0
51 9 0 0 0 0 0 0 0 0
52 9 0 0 9 0 0 0 0 0
fl=/build/buildd/glibc-2.21/signal/../sysdeps/unix/syscall-template.S
fn=???
83 2 0 0 2 0 0 0 0 0
fl=/build/buildd/glibc-2.21/stdio-common/../include/rounding-mode.h
fn=__printf_fp
52 2 1 1 1 0 0 0 0 0
58 2 0 0 1 0 0 0 0 0
fl=/build/buildd/glibc-2.21/stdio-common/../sysdeps/generic/get-rounding-mode.h
fn=__printf_fp
94 1 0 0 0 0 0 1 0 0
95 7 1 1 1 0 0 0 0 0
fl=/build/buildd/glibc-2.21/stdio-common/../sysdeps/pthread/allocalim.h
fn=__printf_fp
28 2 0 0 0 0 0 0 0 0
fl=/build/buildd/glibc-2.21/stdio-common/printf-parse.h
fn=read_int
72 2 1 1 0 0 0 2 0 0
73 3 0 0 2 0 0 0 0 0
75 7 0 0 2 0 0 1 0 0
85 1 0 0 0 0 0 0 0 0
93 4 1 1 3 0 0 0 0 0
fn=vfprintf
108 12 2 2 1 0 0 9 1 1
fl=/build/buildd/glibc-2.21/stdio-common/printf.c
fn=printf
28 4 1 1 0 0 0 2 0 0
32 1 1 1 0 0 0 0 0 0
33 6 0 0 3 2 2 4 0 0
37 3 0 0 2 0 0 0 0 0
fl=/build/buildd/glibc-2.21/stdio-common/printf_fp.c
fn=__printf_fp
215 8 1 1 0 0 0 5 0 0
229 1 0 0 0 0 0 1 0 0
230 1 0 0 0 0 0 1 0 0
245 1 1 1 0 0 0 1 1 1
248 1 0 0 0 0 0 1 0 0
254 7 0 0 2 0 0 1 0 0
261 1 0 0 0 0 0 1 0 0
264 3 0 0 0 0 0 1 1 1
266 8 1 1 5 3 3 3 0 0
267 2 0 0 1 0 0 1 0 0
284 5 0 0 2 0 0 0 0 0
292 1 0 0 0 0 0 1 0 0
330 2 0 0 0 0 0 0 0 0
332 2 1 1 2 0 0 0 0 0
377 2 1 1 1 0 0 1 0 0
381 6 0 0 0 0 0 2 2 2
396 7 2 2 2 0 0 3 0 0
412 13 1 1 2 0 0 9 0 0
416 6 1 1 0 0 0 1 0 0
452 7 1 1 1 0 0 0 0 0
453 1 0 0 0 0 0 0 0 0
456 6 0 0 0 0 0 1 0 0
457 4 0 0 0 0 0 1 0 0
458 4 0 0 0 0 0 1 0 0
464 1 1 1 0 0 0 1 0 0
465 2 1 1 0 0 0 0 0 0
606 1 1 1 0 0 0 0 0 0
639 2 1 1 0 0 0 0 0 0
807 6 0 0 2 0 0 5 1 1
808 5 0 0 2 0 0 2 0 0
809 3 1 1 0 0 0 1 0 0
813 3 1 1 2 0 0 1 0 0
822 1 1 1 0 0 0 1 0 0
823 7 0 0 6 2 2 1 0 0
825 3 0 0 0 0 0 0 0 0
835 2 1 1 1 0 0 0 0 0
837 1 0 0 0 0 0 1 0 0
838 11 1 1 3 0 0 3 0 0
839 1 0 0 0 0 0 1 0 0
840 1 1 1 0 0 0 1 0 0
841 3 0 0 1 0 0 0 0 0
843 3 0 0 1 0 0 1 0 0
845 2 0 0 0 0 0 1 0 0
883 3 1 1 1 0 0 0 0 0
897 7 1 1 1 0 0 0 0 0
904 2 0 0 1 0 0 0 0 0
905 1 0 0 0 0 0 1 0 0
914 6 0 0 0 0 0 1 0 0
915 3 1 1 1 0 0 1 0 0
918 3 0 0 1 0 0 0 0 0
921 14 0 0 5 0 0 2 0 0
923 1 0 0 0 0 0 0 0 0
924 3 1 1 1 0 0 2 1 1
926 1 0 0 0 0 0 1 0 0
928 3 0 0 1 0 0 0 0 0
930 4 1 1 2 0 0 1 0 0
942 3 0 0 0 0 0 1 0 0
943 1 0 0 0 0 0 1 0 0
944 40 1 1 7 0 0 6 0 0
945 6 1 1 2 0 0 3 0 0
947 6 0 0 0 0 0 0 0 0
948 18 1 1 6 0 0 12 0 0
949 6 0 0 0 0 0 0 0 0
951 12 0 0 0 0 0 0 0 0
960 4 0 0 2 0 0 1 0 0
961 4 0 0 1 0 0 3 0 0
963 5 0 0 1 0 0 0 0 0
964 2 1 1 0 0 0 2 0 0
965 3 1 1 1 0 0 0 0 0
968 3 0 0 1 0 0 0 0 0
972 2 0 0 0 0 0 1 0 0
973 7 0 0 2 0 0 0 0 0
1079 4 1 1 2 0 0 0 0 0
1086 2 0 0 0 0 0 0 0 0
1089 3 1 1 1 0 0 0 0 0
1102 3 1 1 1 0 0 0 0 0
1148 7 2 2 3 0 0 0 0 0
1150 7 0 0 3 0 0 1 0 0
1152 6 0 0 2 0 0 0 0 0
1155 2 0 0 0 0 0 0 0 0
1157 4 1 1 2 0 0 0 0 0
1158 1 1 1 0 0 0 0 0 0
1159 2 1 1 0 0 0 0 0 0
1162 5 1 1 1 0 0 0 0 0
1171 3 1 1 1 0 0 0 0 0
1178 3 0 0 2 0 0 1 0 0
1179 4 1 1 0 0 0 2 0 0
1181 5 0 0 1 0 0 2 0 0
1183 3 0 0 1 0 0 0 0 0
1184 2 0 0 0 0 0 0 0 0
1188 5 1 1 2 0 0 1 0 0
1190 2 0 0 1 0 0 0 0 0
1201 8 1 1 1 0 0 1 0 0
1208 35 1 1 4 0 0 2 0 0
1209 24 1 1 8 0 0 0 0 0
1210 9 0 0 3 0 0 5 0 0
1211 14 0 0 7 0 0 0 0 0
1214 14 0 0 0 0 0 7 0 0
1218 3 1 1 2 0 0 0 0 0
1235 107 3 3 42 0 0 20 0 0
1238 2 1 1 1 0 0 0 0 0
1241 2 1 1 1 0 0 0 0 0
1245 3 0 0 1 0 0 0 0 0
1249 6 1 1 5 0 0 0 0 0
fn=hack_digit
169 56 1 1 0 0 0 40 0 0
172 32 1 1 8 0 0 0 0 0
174 24 0 0 8 0 0 0 0 0
176 40 1 1 24 0 0 0 0 0
177 72 0 0 0 0 0 48 0 0
209 56 0 0 40 0 0 0 0 0
fl=/build/buildd/glibc-2.21/stdio-common/vfprintf.c
fn=vfprintf
222 8 1 1 0 0 0 5 0 0
227 2 0 0 0 0 0 2 0 0
257 5 0 0 3 2 2 2 1 1
261 1 0 0 0 0 0 1 0 0
264 1 0 0 0 0 0 1 0 0
270 1 0 0 0 0 0 1 0 0
1278 13 1 1 6 1 1 1 0 0
1282 7 1 1 3 1 1 0 0 0
1286 7 1 1 4 0 0 0 0 0
1287 6 0 0 2 0 0 0 0 0
1293 2 0 0 0 0 0 0 0 0
1300 1 0 0 0 0 0 1 0 0
1304 2 0 0 1 0 0 1 1 1
1308 1 1 1 0 0 0 1 0 0
1315 1 0 0 0 0 0 1 0 0
1319 17 3 3 6 2 2 6 0 0
1320 22 1 1 12 1 1 2 0 0
1323 15 1 1 9 1 1 5 0 0
1327 3 1 1 2 0 0 0 0 0
1331 9 1 1 3 2 2 0 0 0
1358 1 0 0 0 0 0 1 1 1
1359 1 1 1 0 0 0 1 0 0
1360 1 0 0 0 0 0 1 0 0
1361 1 0 0 0 0 0 1 0 0
1362 1 0 0 0 0 0 1 1 1
1363 1 0 0 0 0 0 1 0 0
1364 1 0 0 0 0 0 1 0 0
1365 1 1 1 0 0 0 1 0 0
1366 1 0 0 0 0 0 1 0 0
1367 1 0 0 0 0 0 1 0 0
1368 1 0 0 0 0 0 1 0 0
1371 1 0 0 0 0 0 1 0 0
1372 2 0 0 0 0 0 1 0 0
1375 1 0 0 0 0 0 1 0 0
1376 2 0 0 0 0 0 1 0 0
1379 12 1 1 5 2 2 2 0 0
1498 3 1 1 0 0 0 2 0 0
1500 2 0 0 0 0 0 0 0 0
1508 2 0 0 1 0 0 0 0 0
1526 4 1 1 2 0 0 0 0 0
1529 9 1 1 3 2 2 1 0 0
1613 2 0 0 0 0 0 1 0 0
1614 13 2 2 6 1 1 2 0 0
1641 84 7 7 20 0 0 20 0 0
1661 3 1 1 1 0 0 0 0 0
1663 1 1 1 0 0 0 1 0 0
1669 4 0 0 1 0 0 2 0 0
1673 22 1 1 9 0 0 5 0 0
1675 2 0 0 1 0 0 0 0 0
1957 1 1 1 0 0 0 0 0 0
2036 2 1 1 1 0 0 0 0 0
2083 2 1 1 1 0 0 0 0 0
2085 3 1 1 1 0 0 0 0 0
2087 3 0 0 1 0 0 0 0 0
2090 14 2 2 7 0 0 2 0 0
2091 13 0 0 3 0 0 3 0 0
2093 1 0 0 1 0 0 0 0 0
2094 6 0 0 5 0 0 0 0 0
fl=/build/buildd/glibc-2.21/stdlib/../sysdeps/i386/lshift.S
fn=__mpn_lshift
31 1 1 1 0 0 0 1 0 0
33 1 0 0 0 0 0 1 0 0
35 1 0 0 0 0 0 1 0 0
38 1 0 0 1 0 0 0 0 0
40 1 0 0 1 0 0 0 0 0
42 1 0 0 1 0 0 0 0 0
43 1 0 0 1 0 0 0 0 0
44 1 0 0 0 0 0 0 0 0
46 1 0 0 1 0 0 0 0 0
49 1 0 0 0 0 0 0 0 0
50 1 0 0 0 0 0 0 0 0
51 1 0 0 0 0 0 0 0 0
52 1 0 0 0 0 0 0 0 0
53 1 0 0 0 0 0 1 0 0
55 1 0 0 0 0 0 0 0 0
56 1 0 0 0 0 0 0 0 0
64 1 0 0 1 0 0 0 0 0
65 1 0 0 0 0 0 0 0 0
66 1 1 1 0 0 0 1 0 0
67 1 0 0 0 0 0 0 0 0
68 1 0 0 0 0 0 0 0 0
70 1 0 0 0 0 0 0 0 0
71 1 0 0 0 0 0 1 0 0
73 1 0 0 1 0 0 0 0 0
76 1 0 0 1 0 0 0 0 0
79 1 0 0 1 0 0 0 0 0
82 1 0 0 1 0 0 0 0 0
86 1 0 0 1 0 0 0 0 0
fl=/build/buildd/glibc-2.21/stdlib/../sysdeps/i386/mul_1.S
fn=__mpn_mul_1
37 8 1 1 0 0 0 8 0 0
39 8 0 0 0 0 0 8 0 0
41 8 0 0 0 0 0 8 0 0
43 8 0 0 0 0 0 8 1 1
46 8 0 0 8 0 0 0 0 0
48 8 0 0 8 0 0 0 0 0
50 8 0 0 8 0 0 0 0 0
51 8 0 0 8 0 0 0 0 0
53 8 0 0 0 0 0 0 0 0
54 8 0 0 0 0 0 0 0 0
55 8 0 0 0 0 0 0 0 0
56 16 0 0 0 0 0 0 0 0
60 16 0 0 16 0 0 0 0 0
61 16 0 0 0 0 0 0 0 0
62 16 0 0 0 0 0 0 0 0
63 16 0 0 0 0 0 16 0 0
64 16 0 0 0 0 0 0 0 0
65 16 0 0 0 0 0 0 0 0
67 16 0 0 0 0 0 0 0 0
68 16 1 1 0 0 0 0 0 0
69 8 0 0 0 0 0 0 0 0
71 8 0 0 8 0 0 0 0 0
74 8 0 0 8 0 0 0 0 0
77 8 0 0 8 0 0 0 0 0
80 8 0 0 8 0 0 0 0 0
84 8 0 0 8 0 0 0 0 0
fl=/build/buildd/glibc-2.21/stdlib/../sysdeps/ieee754/dbl-64/dbl2mpn.c
fn=__mpn_extract_double
33 6 1 1 2 0 0 3 0 0
35 2 0 0 2 0 0 0 0 0
37 4 1 1 1 0 0 1 0 0
38 5 0 0 0 0 0 1 0 0
41 1 0 0 0 0 0 1 0 0
42 3 0 0 0 0 0 1 0 0
56 3 0 0 0 0 0 0 0 0
103 2 1 1 0 0 0 1 0 0
107 6 1 1 4 0 0 0 0 0
fl=/build/buildd/glibc-2.21/stdlib/cxa_atexit.c
fn=__cxa_atexit
35 3 0 0 0 0 0 2 0 0
37 3 0 0 0 0 0 0 0 0
41 3 0 0 2 0 0 0 0 0
43 1 1 1 0 0 0 1 0 0
44 2 0 0 1 0 0 1 0 0
45 2 0 0 1 0 0 1 0 0
47 1 0 0 0 0 0 1 0 0
48 1 0 0 0 0 0 0 0 0
57 4 1 1 0 0 0 2 0 0
59 3 0 0 2 0 0 0 0 0
fn=__new_exitfn
73 7 1 1 0 0 0 5 0 0
79 6 0 0 2 1 0 0 0 0
81 11 3 3 3 1 0 0 0 0
83 3 0 0 1 1 0 0 0 0
91 2 0 0 0 0 0 1 0 0
112 1 0 0 0 0 0 0 0 0
113 2 0 0 0 0 0 1 0 0
126 1 1 1 0 0 0 1 0 0
127 2 0 0 2 1 1 0 0 0
130 4 0 0 2 0 0 0 0 0
133 7 0 0 5 0 0 0 0 0
fl=/build/buildd/glibc-2.21/stdlib/cxa_finalize.c
fn=__cxa_finalize
31 24 1 1 3 0 0 15 0 0
35 33 1 1 9 0 0 6 0 0
39 30 0 0 6 0 0 3 0 0
67 21 1 1 6 0 0 0 0 0
71 24 0 0 3 1 1 0 0 0
79 6 0 0 0 0 0 0 0 0
80 6 0 0 0 0 0 3 0 0
82 15 0 0 12 0 0 0 0 0
fl=/build/buildd/glibc-2.21/stdlib/cxa_thread_atexit_impl.c
fn=__call_tls_dtors
82 7 1 1 0 0 0 5 0 0
83 8 0 0 2 0 0 1 0 0
86 1 1 1 0 0 0 1 0 0
101 6 1 1 5 0 0 0 0 0
fl=/build/buildd/glibc-2.21/stdlib/exit.c
fn=__run_exit_handlers
35 11 2 2 3 0 0 6 0 0
40 2 0 0 1 1 1 1 0 0
46 9 0 0 2 1 1 0 0 0
50 6 0 0 0 0 0 0 0 0
52 1 0 0 0 0 0 1 0 0
53 1 0 0 0 0 0 0 0 0
54 5 1 1 1 0 0 0 0 0
69 1 1 1 0 0 0 0 0 0
80 3 1 1 2 0 0 0 0 0
82 5 0 0 1 0 0 3 0 0
83 2 0 0 0 0 0 0 0 0
87 2 0 0 1 0 0 1 0 0
88 2 0 0 0 0 0 0 0 0
94 2 0 0 1 0 0 0 0 0
95 8 0 0 1 1 1 1 0 0
97 3 0 0 0 0 0 2 0 0
fn=exit
103 4 1 1 0 0 0 2 0 0
104 5 0 0 1 0 0 4 0 0
fl=/build/buildd/glibc-2.21/stdlib/getenv.c
fn=getenv
35 128 2 2 16 0 0 80 0 0
36 64 0 0 0 0 0 48 0 0
40 112 0 0 48 0 0 0 0 0
43 32 0 0 16 0 0 0 0 0
68 16 1 1 16 0 0 0 0 0
73 48 0 0 16 0 0 16 0 0
74 16 0 0 0 0 0 0 0 0
76 4784 0 0 1184 4 0 16 0 0
85 2336 0 0 1168 34 0 0 0 0
92 112 1 1 80 0 0 0 0 0
fl=/build/buildd/glibc-2.21/stdlib/strtol.c
fn=strtoul
108 24 1 1 0 0 0 12 0 0
109 48 0 0 36 0 0 36 0 0
110 18 0 0 12 0 0 0 0 0
fl=/build/buildd/glibc-2.21/stdlib/strtol_l.c
fn=____strtoul_l_internal
231 42 1 1 0 0 0 30 0 0
245 12 0 0 12 1 0 0 0 0
250 6 0 0 0 0 0 0 0 0
251 6 1 1 0 0 0 6 0 0
257 18 0 0 6 0 0 0 0 0
285 6 1 1 0 0 0 6 0 0
288 24 0 0 12 0 0 0 0 0
297 60 0 0 36 2 2 6 0 0
299 12 1 1 0 0 0 0 0 0
303 6 0 0 0 0 0 6 0 0
304 12 0 0 0 0 0 0 0 0
309 6 0 0 0 0 0 0 0 0
310 18 0 0 0 0 0 0 0 0
313 48 1 1 6 0 0 6 0 0
315 2 1 1 1 0 0 0 0 0
323 15 0 0 5 0 0 0 0 0
330 12 0 0 6 0 0 0 0 0
333 18 1 1 6 0 0 0 0 0
363 28 1 1 4 0 0 0 0 0
375 6 0 0 0 0 0 6 0 0
378 12 0 0 6 1 1 6 0 0
379 12 0 0 6 1 1 6 0 0
437 8 1 1 4 0 0 0 0 0
439 62 1 1 12 0 0 12 0 0
441 18 0 0 0 0 0 0 0 0
448 4 0 0 0 0 0 0 0 0
455 48 1 1 12 0 0 12 0 0
465 8 0 0 6 0 0 0 0 0
466 8 0 0 6 1 1 0 0 0
469 18 1 1 6 0 0 0 0 0
472 16 1 1 8 0 0 0 0 0
477 4 0 0 4 0 0 0 0 0
478 12 0 0 0 0 0 0 0 0
483 12 0 0 0 0 0 0 0 0
488 12 0 0 4 0 0 0 0 0
489 8 0 0 4 0 0 4 1 0
501 12 0 0 4 0 0 0 0 0
519 6 1 1 2 0 0 0 0 0
521 8 0 0 2 0 0 0 0 0
526 6 0 0 4 0 0 2 0 0
529 2 0 0 0 0 0 0 0 0
530 36 1 1 30 0 0 0 0 0
fl=/build/buildd/glibc-2.21/string/../bits/stdlib-bsearch.h
fn=intel_check_word
27 30 1 1 0 0 0 0 0 0
28 90 0 0 0 0 0 0 0 0
29 389 0 0 0 0 0 0 0 0
31 518 0 0 0 0 0 0 0 0
32 196 0 0 0 0 0 0 0 0
37 63 0 0 0 0 0 0 0 0
fl=/build/buildd/glibc-2.21/string/../sysdeps/i386/i686/multiarch/../../i586/strchr.S
fn=__GI_strchr
45 1 1 1 0 0 0 1 0 0
47 1 0 0 0 0 0 1 0 0
50 1 0 0 0 0 0 1 0 0
52 1 0 0 0 0 0 1 0 0
55 1 0 0 1 0 0 0 0 0
56 1 0 0 1 0 0 0 0 0
58 1 0 0 0 0 0 0 0 0
60 1 0 0 0 0 0 0 0 0
66 1 0 0 0 0 0 0 0 0
67 1 0 0 0 0 0 0 0 0
69 1 0 0 0 0 0 0 0 0
70 1 0 0 0 0 0 0 0 0
72 1 0 0 0 0 0 0 0 0
73 1 0 0 0 0 0 0 0 0
75 1 0 0 0 0 0 0 0 0
118 1 1 1 1 0 0 0 0 0
119 1 0 0 0 0 0 0 0 0
121 1 0 0 0 0 0 0 0 0
122 1 0 0 0 0 0 0 0 0
147 1 0 0 0 0 0 0 0 0
148 1 0 0 0 0 0 0 0 0
150 1 0 0 0 0 0 0 0 0
151 1 0 0 0 0 0 0 0 0
153 1 0 0 0 0 0 0 0 0
154 1 1 1 0 0 0 0 0 0
156 1 0 0 0 0 0 0 0 0
157 1 0 0 0 0 0 0 0 0
159 1 0 0 0 0 0 0 0 0
160 1 0 0 0 0 0 0 0 0
162 1 0 0 1 0 0 0 0 0
163 1 0 0 0 0 0 0 0 0
165 1 0 0 0 0 0 0 0 0
166 1 0 0 0 0 0 0 0 0
168 1 0 0 0 0 0 0 0 0
169 1 0 0 0 0 0 0 0 0
171 1 0 0 0 0 0 0 0 0
172 1 0 0 0 0 0 0 0 0
174 1 0 0 0 0 0 0 0 0
175 1 0 0 0 0 0 0 0 0
177 1 0 0 0 0 0 0 0 0
178 1 0 0 0 0 0 0 0 0
180 1 0 0 0 0 0 0 0 0
181 1 1 1 0 0 0 0 0 0
183 1 0 0 0 0 0 0 0 0
184 1 0 0 0 0 0 0 0 0
186 1 0 0 0 0 0 0 0 0
187 1 0 0 0 0 0 0 0 0
189 1 0 0 0 0 0 0 0 0
190 1 0 0 0 0 0 0 0 0
192 1 0 0 1 0 0 0 0 0
193 1 0 0 0 0 0 0 0 0
195 1 0 0 0 0 0 0 0 0
196 1 0 0 0 0 0 0 0 0
198 1 0 0 0 0 0 0 0 0
199 1 0 0 0 0 0 0 0 0
201 1 0 0 0 0 0 0 0 0
202 1 0 0 0 0 0 0 0 0
204 1 0 0 0 0 0 0 0 0
205 1 0 0 0 0 0 0 0 0
207 1 0 0 0 0 0 0 0 0
208 1 1 1 0 0 0 0 0 0
210 1 0 0 0 0 0 0 0 0
211 1 0 0 0 0 0 0 0 0
213 1 0 0 0 0 0 0 0 0
214 1 0 0 0 0 0 0 0 0
216 1 0 0 0 0 0 0 0 0
217 1 0 0 0 0 0 0 0 0
219 1 0 0 0 0 0 0 0 0
220 1 0 0 0 0 0 0 0 0
222 1 0 0 1 0 0 0 0 0
223 1 0 0 0 0 0 0 0 0
225 1 0 0 0 0 0 0 0 0
226 1 0 0 0 0 0 0 0 0
228 1 0 0 0 0 0 0 0 0
229 1 0 0 0 0 0 0 0 0
231 1 0 0 0 0 0 0 0 0
232 1 0 0 0 0 0 0 0 0
234 1 0 0 0 0 0 0 0 0
235 1 0 0 0 0 0 0 0 0
270 1 1 1 0 0 0 0 0 0
271 1 0 0 0 0 0 0 0 0
273 1 0 0 0 0 0 0 0 0
275 1 0 0 0 0 0 0 0 0
276 1 1 1 0 0 0 0 0 0
278 1 0 0 0 0 0 0 0 0
280 1 0 0 0 0 0 0 0 0
281 1 0 0 0 0 0 0 0 0
283 1 0 0 0 0 0 0 0 0
284 1 0 0 0 0 0 0 0 0
288 1 0 0 1 0 0 0 0 0
291 1 0 0 1 0 0 0 0 0
295 1 0 0 1 0 0 0 0 0
298 1 0 0 1 0 0 0 0 0
302 1 0 0 1 0 0 0 0 0
fn=index
45 15 1 1 0 0 0 15 0 0
47 15 0 0 0 0 0 15 0 0
50 15 0 0 0 0 0 15 0 0
52 15 0 0 0 0 0 15 2 2
55 15 0 0 15 0 0 0 0 0
56 15 0 0 15 0 0 0 0 0
58 15 0 0 0 0 0 0 0 0
60 15 0 0 0 0 0 0 0 0
66 15 0 0 0 0 0 0 0 0
67 15 0 0 0 0 0 0 0 0
69 15 0 0 0 0 0 0 0 0
70 15 0 0 0 0 0 0 0 0
72 15 0 0 0 0 0 0 0 0
73 15 0 0 0 0 0 0 0 0
75 15 0 0 0 0 0 0 0 0
77 12 1 1 0 0 0 0 0 0
78 12 0 0 0 0 0 0 0 0
80 11 0 0 11 3 3 0 0 0
81 11 0 0 0 0 0 0 0 0
83 11 0 0 0 0 0 0 0 0
84 11 0 0 0 0 0 0 0 0
86 11 0 0 11 0 0 0 0 0
87 11 0 0 0 0 0 0 0 0
89 11 0 0 0 0 0 0 0 0
90 11 0 0 0 0 0 0 0 0
92 11 0 0 0 0 0 0 0 0
93 11 0 0 0 0 0 0 0 0
95 11 0 0 0 0 0 0 0 0
96 11 0 0 0 0 0 0 0 0
98 11 0 0 0 0 0 0 0 0
100 8 0 0 8 1 1 0 0 0
102 8 0 0 0 0 0 0 0 0
103 8 0 0 0 0 0 0 0 0
105 8 0 0 0 0 0 0 0 0
106 8 0 0 0 0 0 0 0 0
108 8 0 0 0 0 0 0 0 0
118 15 1 1 15 1 1 0 0 0
119 15 0 0 0 0 0 0 0 0
121 15 0 0 0 0 0 0 0 0
122 15 0 0 0 0 0 0 0 0
147 17 0 0 0 0 0 0 0 0
148 17 0 0 0 0 0 0 0 0
150 17 0 0 0 0 0 0 0 0
151 17 0 0 0 0 0 0 0 0
153 17 0 0 0 0 0 0 0 0
154 17 0 0 0 0 0 0 0 0
156 17 0 0 0 0 0 0 0 0
157 17 0 0 0 0 0 0 0 0
159 17 0 0 0 0 0 0 0 0
160 17 0 0 0 0 0 0 0 0
162 17 0 0 17 0 0 0 0 0
163 17 0 0 0 0 0 0 0 0
165 17 0 0 0 0 0 0 0 0
166 17 1 1 0 0 0 0 0 0
168 17 0 0 0 0 0 0 0 0
169 17 0 0 0 0 0 0 0 0
171 17 0 0 0 0 0 0 0 0
172 17 0 0 0 0 0 0 0 0
174 17 0 0 0 0 0 0 0 0
175 17 0 0 0 0 0 0 0 0
177 16 0 0 0 0 0 0 0 0
178 16 0 0 0 0 0 0 0 0
180 16 0 0 0 0 0 0 0 0
181 16 0 0 0 0 0 0 0 0
183 15 0 0 0 0 0 0 0 0
184 15 0 0 0 0 0 0 0 0
186 15 0 0 0 0 0 0 0 0
187 15 0 0 0 0 0 0 0 0
189 13 0 0 0 0 0 0 0 0
190 13 0 0 0 0 0 0 0 0
192 13 0 0 13 0 0 0 0 0
193 13 1 1 0 0 0 0 0 0
195 13 0 0 0 0 0 0 0 0
196 13 0 0 0 0 0 0 0 0
198 13 0 0 0 0 0 0 0 0
199 13 0 0 0 0 0 0 0 0
201 13 0 0 0 0 0 0 0 0
202 13 0 0 0 0 0 0 0 0
204 13 0 0 0 0 0 0 0 0
205 13 0 0 0 0 0 0 0 0
207 13 0 0 0 0 0 0 0 0
208 13 0 0 0 0 0 0 0 0
210 13 0 0 0 0 0 0 0 0
211 13 0 0 0 0 0 0 0 0
213 12 0 0 0 0 0 0 0 0
214 12 0 0 0 0 0 0 0 0
216 12 0 0 0 0 0 0 0 0
217 12 0 0 0 0 0 0 0 0
219 8 0 0 0 0 0 0 0 0
220 8 0 0 0 0 0 0 0 0
222 8 0 0 8 1 1 0 0 0
223 8 1 1 0 0 0 0 0 0
225 8 0 0 0 0 0 0 0 0
226 8 0 0 0 0 0 0 0 0
228 8 0 0 0 0 0 0 0 0
229 8 0 0 0 0 0 0 0 0
231 8 0 0 0 0 0 0 0 0
232 8 0 0 0 0 0 0 0 0
234 8 0 0 0 0 0 0 0 0
235 8 0 0 0 0 0 0 0 0
237 8 0 0 0 0 0 0 0 0
238 8 0 0 0 0 0 0 0 0
240 8 0 0 0 0 0 0 0 0
241 8 0 0 0 0 0 0 0 0
243 8 0 0 0 0 0 0 0 0
244 8 0 0 0 0 0 0 0 0
246 8 0 0 0 0 0 0 0 0
247 8 0 0 0 0 0 0 0 0
249 2 0 0 0 0 0 0 0 0
250 2 0 0 0 0 0 0 0 0
252 2 0 0 2 0 0 0 0 0
253 2 0 0 0 0 0 0 0 0
255 2 0 0 0 0 0 0 0 0
256 2 0 0 0 0 0 0 0 0
258 2 0 0 0 0 0 0 0 0
259 2 0 0 0 0 0 0 0 0
261 2 0 0 0 0 0 0 0 0
262 2 0 0 0 0 0 0 0 0
264 2 0 0 0 0 0 0 0 0
266 2 0 0 0 0 0 0 0 0
270 1 0 0 0 0 0 0 0 0
271 1 0 0 0 0 0 0 0 0
273 1 0 0 0 0 0 0 0 0
288 15 0 0 15 0 0 0 0 0
291 15 0 0 15 0 0 0 0 0
295 15 0 0 15 0 0 0 0 0
298 15 0 0 15 0 0 0 0 0
302 15 0 0 15 0 0 0 0 0
311 14 1 1 0 0 0 0 0 0
312 14 0 0 0 0 0 0 0 0
314 14 0 0 0 0 0 0 0 0
316 14 0 0 0 0 0 0 0 0
317 14 0 0 0 0 0 0 0 0
319 10 0 0 0 0 0 0 0 0
321 10 0 0 0 0 0 0 0 0
322 10 0 0 0 0 0 0 0 0
324 10 0 0 0 0 0 0 0 0
325 10 0 0 0 0 0 0 0 0
327 6 0 0 0 0 0 0 0 0
328 6 0 0 0 0 0 0 0 0
330 6 0 0 0 0 0 0 0 0
331 6 0 0 0 0 0 0 0 0
333 6 0 0 0 0 0 0 0 0
334 6 0 0 0 0 0 0 0 0
336 2 0 0 0 0 0 0 0 0
339 2 0 0 0 0 0 0 0 0
340 2 0 0 0 0 0 0 0 0
342 14 0 0 0 0 0 0 0 0
343 14 0 0 0 0 0 0 0 0
fl=/build/buildd/glibc-2.21/string/../sysdeps/i386/i686/multiarch/../../i586/strlen.S
fn=__GI_strlen
43 17 1 1 17 0 0 0 0 0
44 17 0 0 0 0 0 0 0 0
46 17 0 0 0 0 0 0 0 0
48 17 0 0 0 0 0 0 0 0
49 14 0 0 0 0 0 0 0 0
51 6 0 0 6 1 0 0 0 0
52 6 0 0 0 0 0 0 0 0
54 6 0 0 0 0 0 0 0 0
55 6 0 0 6 0 0 0 0 0
57 6 0 0 0 0 0 0 0 0
59 6 0 0 0 0 0 0 0 0
60 6 0 0 0 0 0 0 0 0
62 6 0 0 0 0 0 0 0 0
64 11 0 0 11 1 1 0 0 0
65 11 0 0 0 0 0 0 0 0
67 11 0 0 0 0 0 0 0 0
68 11 0 0 0 0 0 0 0 0
94 20 0 0 20 2 2 0 0 0
95 20 0 0 0 0 0 0 0 0
97 20 0 0 0 0 0 0 0 0
98 20 0 0 0 0 0 0 0 0
100 20 0 0 0 0 0 0 0 0
101 20 1 1 0 0 0 0 0 0
103 19 0 0 0 0 0 0 0 0
105 19 0 0 0 0 0 0 0 0
107 19 0 0 0 0 0 0 0 0
110 16 0 0 16 0 0 0 0 0
111 16 0 0 0 0 0 0 0 0
113 16 0 0 0 0 0 0 0 0
114 16 0 0 0 0 0 0 0 0
116 16 0 0 0 0 0 0 0 0
117 16 0 0 0 0 0 0 0 0
119 16 0 0 0 0 0 0 0 0
121 16 0 0 0 0 0 0 0 0
123 16 0 0 0 0 0 0 0 0
126 16 0 0 16 3 3 0 0 0
127 16 0 0 0 0 0 0 0 0
129 16 0 0 0 0 0 0 0 0
130 16 0 0 0 0 0 0 0 0
132 16 0 0 0 0 0 0 0 0
133 16 0 0 0 0 0 0 0 0
135 15 0 0 0 0 0 0 0 0
137 15 0 0 0 0 0 0 0 0
139 15 0 0 0 0 0 0 0 0
142 11 0 0 11 2 2 0 0 0
143 11 0 0 0 0 0 0 0 0
145 11 0 0 0 0 0 0 0 0
146 11 0 0 0 0 0 0 0 0
148 11 0 0 0 0 0 0 0 0
149 11 0 0 0 0 0 0 0 0
151 11 0 0 0 0 0 0 0 0
153 11 0 0 0 0 0 0 0 0
155 11 0 0 0 0 0 0 0 0
158 17 1 1 0 0 0 0 0 0
159 17 0 0 0 0 0 0 0 0
161 17 0 0 0 0 0 0 0 0
162 17 0 0 0 0 0 0 0 0
164 14 0 0 0 0 0 0 0 0
165 14 0 0 0 0 0 0 0 0
167 14 0 0 0 0 0 0 0 0
169 8 0 0 0 0 0 0 0 0
170 8 0 0 0 0 0 0 0 0
172 8 0 0 0 0 0 0 0 0
173 8 0 0 0 0 0 0 0 0
175 2 0 0 0 0 0 0 0 0
177 17 0 0 17 0 0 0 0 0
180 17 0 0 17 0 0 0 0 0
fn=strlen
43 26 1 1 26 0 0 0 0 0
44 26 0 0 0 0 0 0 0 0
46 26 0 0 0 0 0 0 0 0
48 26 0 0 0 0 0 0 0 0
49 12 0 0 0 0 0 0 0 0
51 11 0 0 11 0 0 0 0 0
52 11 0 0 0 0 0 0 0 0
54 10 0 0 0 0 0 0 0 0
55 10 0 0 10 0 0 0 0 0
57 10 0 0 0 0 0 0 0 0
59 10 0 0 0 0 0 0 0 0
60 10 0 0 0 0 0 0 0 0
62 10 0 0 0 0 0 0 0 0
64 8 0 0 8 0 0 0 0 0
65 8 0 0 0 0 0 0 0 0
67 8 0 0 0 0 0 0 0 0
68 8 0 0 0 0 0 0 0 0
94 48 1 1 48 2 2 0 0 0
95 48 0 0 0 0 0 0 0 0
97 48 0 0 0 0 0 0 0 0
98 48 0 0 0 0 0 0 0 0
100 48 0 0 0 0 0 0 0 0
101 48 0 0 0 0 0 0 0 0
103 45 0 0 0 0 0 0 0 0
105 45 0 0 0 0 0 0 0 0
107 45 0 0 0 0 0 0 0 0
110 44 0 0 44 1 1 0 0 0
111 44 0 0 0 0 0 0 0 0
113 44 0 0 0 0 0 0 0 0
114 44 0 0 0 0 0 0 0 0
116 44 0 0 0 0 0 0 0 0
117 44 0 0 0 0 0 0 0 0
119 39 0 0 0 0 0 0 0 0
121 39 0 0 0 0 0 0 0 0
123 39 0 0 0 0 0 0 0 0
126 37 0 0 37 0 0 0 0 0
127 37 0 0 0 0 0 0 0 0
129 37 0 0 0 0 0 0 0 0
130 37 0 0 0 0 0 0 0 0
132 37 0 0 0 0 0 0 0 0
133 37 0 0 0 0 0 0 0 0
135 35 0 0 0 0 0 0 0 0
137 35 0 0 0 0 0 0 0 0
139 35 0 0 0 0 0 0 0 0
142 33 0 0 33 1 1 0 0 0
143 33 0 0 0 0 0 0 0 0
145 33 0 0 0 0 0 0 0 0
146 33 0 0 0 0 0 0 0 0
148 33 0 0 0 0 0 0 0 0
149 33 0 0 0 0 0 0 0 0
151 30 0 0 0 0 0 0 0 0
153 30 0 0 0 0 0 0 0 0
155 30 0 0 0 0 0 0 0 0
158 25 1 1 0 0 0 0 0 0
159 25 1 1 0 0 0 0 0 0
161 25 0 0 0 0 0 0 0 0
162 25 0 0 0 0 0 0 0 0
164 16 0 0 0 0 0 0 0 0
165 16 0 0 0 0 0 0 0 0
167 16 0 0 0 0 0 0 0 0
169 9 0 0 0 0 0 0 0 0
170 9 0 0 0 0 0 0 0 0
172 9 0 0 0 0 0 0 0 0
173 9 0 0 0 0 0 0 0 0
175 5 0 0 0 0 0 0 0 0
177 26 0 0 26 0 0 0 0 0
180 26 0 0 26 0 0 0 0 0
fl=/build/buildd/glibc-2.21/string/../sysdeps/i386/i686/multiarch/../../memchr.S
fn=__GI_memchr
42 1 1 1 0 0 0 1 0 0
44 1 0 0 0 0 0 1 0 0
49 1 0 0 1 0 0 0 0 0
50 1 0 0 1 0 0 0 0 0
51 1 0 0 1 0 0 0 0 0
56 1 1 1 0 0 0 0 0 0
57 1 0 0 0 0 0 0 0 0
268 1 1 1 0 0 0 0 0 0
269 1 0 0 0 0 0 0 0 0
271 1 0 0 1 0 0 0 0 0
272 1 0 0 0 0 0 0 0 0
273 1 0 0 0 0 0 0 0 0
274 1 0 0 0 0 0 0 0 0
275 1 0 0 0 0 0 0 0 0
287 1 0 0 0 0 0 0 0 0
288 1 0 0 0 0 0 0 0 0
311 1 1 1 1 0 0 0 0 0
314 1 0 0 1 0 0 0 0 0
318 1 0 0 1 0 0 0 0 0
fl=/build/buildd/glibc-2.21/string/../sysdeps/i386/i686/multiarch/../../strrchr.S
fn=__GI_strrchr
33 1 1 1 0 0 0 1 0 0
36 1 0 0 0 0 0 1 0 0
39 1 0 0 0 0 0 0 0 0
40 1 0 0 1 0 0 0 0 0
42 1 0 0 1 0 0 0 0 0
48 1 0 0 0 0 0 0 0 0
49 1 0 0 0 0 0 0 0 0
50 1 1 1 0 0 0 0 0 0
51 1 0 0 0 0 0 0 0 0
64 1 0 0 0 0 0 0 0 0
65 1 0 0 0 0 0 0 0 0
66 1 0 0 1 1 0 0 0 0
67 1 0 0 0 0 0 0 0 0
68 1 0 0 0 0 0 0 0 0
70 1 0 0 0 0 0 0 0 0
71 1 0 0 0 0 0 0 0 0
72 1 0 0 0 0 0 0 0 0
74 1 0 0 0 0 0 0 0 0
75 1 0 0 0 0 0 0 0 0
154 1 1 1 0 0 0 0 0 0
155 1 0 0 0 0 0 0 0 0
156 1 0 0 0 0 0 0 0 0
157 1 0 0 0 0 0 0 0 0
158 1 0 0 0 0 0 0 0 0
166 1 0 0 0 0 0 0 0 0
167 1 0 0 0 0 0 0 0 0
168 1 0 0 0 0 0 0 0 0
171 1 0 0 0 0 0 0 0 0
173 2 1 1 2 0 0 0 0 0
174 2 0 0 0 0 0 0 0 0
175 2 0 0 0 0 0 0 0 0
186 2 0 0 0 0 0 0 0 0
190 2 0 0 0 0 0 0 0 0
193 2 0 0 0 0 0 0 0 0
194 2 0 0 0 0 0 0 0 0
198 2 0 0 0 0 0 0 0 0
204 2 0 0 0 0 0 0 0 0
206 2 0 0 0 0 0 0 0 0
207 2 0 0 0 0 0 0 0 0
210 2 0 0 0 0 0 0 0 0
211 2 0 0 0 0 0 0 0 0
212 2 1 1 0 0 0 0 0 0
213 2 0 0 0 0 0 0 0 0
215 2 0 0 0 0 0 0 0 0
217 1 0 0 1 0 0 0 0 0
218 1 0 0 0 0 0 0 0 0
219 1 0 0 0 0 0 0 0 0
222 1 0 0 0 0 0 0 0 0
223 1 0 0 0 0 0 0 0 0
224 1 0 0 0 0 0 0 0 0
225 1 0 0 0 0 0 0 0 0
227 1 0 0 0 0 0 0 0 0
292 1 1 1 0 0 0 0 0 0
300 1 0 0 0 0 0 0 0 0
301 1 0 0 0 0 0 0 0 0
303 1 1 1 0 0 0 0 0 0
304 1 0 0 0 0 0 0 0 0
306 1 0 0 0 0 0 0 0 0
307 1 0 0 0 0 0 0 0 0
309 1 0 0 0 0 0 0 0 0
310 1 0 0 0 0 0 0 0 0
312 1 0 0 0 0 0 0 0 0
313 1 0 0 0 0 0 0 0 0
314 1 0 0 0 0 0 0 0 0
316 1 0 0 0 0 0 0 0 0
317 1 0 0 0 0 0 0 0 0
323 1 0 0 1 0 0 0 0 0
326 1 0 0 1 0 0 0 0 0
330 1 0 0 1 0 0 0 0 0
fl=/build/buildd/glibc-2.21/string/../sysdeps/i386/i686/multiarch/../memcmp.S
fn=???
80 1936 1 1 1936 0 0 0 0 0
fn=__GI_memcmp
46 1 1 1 0 0 0 1 0 0
48 1 0 0 1 0 0 0 0 0
49 1 0 0 1 0 0 0 0 0
50 1 0 0 1 0 0 0 0 0
52 1 0 0 0 0 0 0 0 0
53 1 0 0 0 0 0 0 0 0
54 1 0 0 1 0 0 0 0 0
55 1 0 0 1 0 0 0 0 0
56 1 0 0 0 0 0 0 0 0
64 1 0 0 0 0 0 0 0 0
65 1 1 1 0 0 0 0 0 0
66 2 0 0 2 0 0 0 0 0
fn=bcmp
46 21 1 1 0 0 0 21 0 0
48 21 0 0 21 0 0 0 0 0
49 21 0 0 21 0 0 0 0 0
50 21 0 0 21 0 0 0 0 0
52 21 0 0 0 0 0 0 0 0
53 21 0 0 0 0 0 0 0 0
71 21 1 1 0 0 0 0 0 0
73 21 0 0 0 0 0 21 0 0
75 21 0 0 0 0 0 0 0 0
77 21 0 0 0 0 0 0 0 0
78 84 0 0 21 1 1 21 0 0
81 21 0 0 0 0 0 0 0 0
82 21 0 0 0 0 0 0 0 0
83 21 0 0 0 0 0 0 0 0
97 1 0 0 1 1 1 0 0 0
98 1 0 0 1 0 0 0 0 0
99 1 0 0 0 0 0 0 0 0
100 1 0 0 0 0 0 0 0 0
102 7 0 0 7 1 1 0 0 0
103 7 0 0 7 0 0 0 0 0
104 7 0 0 0 0 0 0 0 0
105 7 0 0 0 0 0 0 0 0
107 8 1 1 8 0 0 0 0 0
108 8 0 0 8 1 1 0 0 0
109 8 0 0 0 0 0 0 0 0
110 8 0 0 0 0 0 0 0 0
112 10 0 0 10 0 0 0 0 0
113 10 0 0 10 1 1 0 0 0
114 10 0 0 0 0 0 0 0 0
115 10 1 1 0 0 0 0 0 0
117 10 0 0 10 0 0 0 0 0
118 10 0 0 10 0 0 0 0 0
119 10 0 0 0 0 0 0 0 0
120 10 0 0 0 0 0 0 0 0
122 8 0 0 8 0 0 0 0 0
125 8 0 0 0 0 0 0 0 0
126 16 0 0 16 0 0 0 0 0
256 1 0 0 1 1 1 0 0 0
257 1 0 0 1 1 1 0 0 0
258 1 0 0 0 0 0 0 0 0
259 1 0 0 0 0 0 0 0 0
261 7 1 1 7 0 0 0 0 0
262 7 0 0 7 2 2 0 0 0
263 7 0 0 0 0 0 0 0 0
264 7 0 0 0 0 0 0 0 0
266 6 0 0 6 0 0 0 0 0
267 6 0 0 6 0 0 0 0 0
268 6 0 0 0 0 0 0 0 0
269 6 0 0 0 0 0 0 0 0
270 6 0 0 0 0 0 0 0 0
271 6 1 1 0 0 0 0 0 0
272 6 0 0 6 0 0 0 0 0
273 6 0 0 6 0 0 0 0 0
274 6 0 0 0 0 0 0 0 0
275 6 0 0 6 0 0 0 0 0
278 6 0 0 0 0 0 0 0 0
279 12 0 0 12 0 0 0 0 0
349 7 1 1 0 0 0 0 0 0
350 7 0 0 0 0 0 0 0 0
351 2 0 0 0 0 0 0 0 0
352 2 0 0 0 0 0 0 0 0
353 2 0 0 0 0 0 0 0 0
354 2 0 0 0 0 0 0 0 0
355 2 0 0 0 0 0 0 0 0
356 2 0 0 0 0 0 0 0 0
359 2 0 0 0 0 0 0 0 0
361 7 0 0 0 0 0 0 0 0
362 7 0 0 0 0 0 0 0 0
363 7 0 0 7 0 0 0 0 0
366 14 0 0 14 0 0 0 0 0
fl=/build/buildd/glibc-2.21/string/../sysdeps/i386/i686/multiarch/../memcpy.S
fn=memcpy
40 24 1 1 0 0 0 0 0 0
41 24 0 0 24 0 0 0 0 0
42 24 0 0 0 0 0 0 0 0
43 24 0 0 24 0 0 0 0 0
45 24 0 0 0 0 0 0 0 0
46 24 0 0 0 0 0 0 0 0
47 24 1 1 0 0 0 0 0 0
48 24 0 0 24 0 0 0 0 0
49 24 0 0 0 0 0 0 0 0
50 24 0 0 0 0 0 0 0 0
52 15 0 0 0 0 0 0 0 0
53 15 0 0 0 0 0 0 0 0
55 15 0 0 0 0 0 0 0 0
56 15 0 0 0 0 0 0 0 0
67 15 0 0 0 0 0 15 0 0
68 15 0 0 0 0 0 0 0 0
69 15 0 0 0 0 0 0 0 0
70 15 0 0 0 0 0 0 0 0
71 89 0 0 74 0 0 74 7 7
73 15 0 0 0 0 0 0 0 0
74 25 0 0 10 0 0 10 0 0
76 15 0 0 15 0 0 0 0 0
78 24 0 0 0 0 0 0 0 0
79 24 0 0 0 0 0 0 0 0
80 24 0 0 24 0 0 0 0 0
82 24 0 0 24 0 0 0 0 0
88 9 1 1 0 0 0 0 0 0
89 9 0 0 0 0 0 0 0 0
90 4 0 0 4 0 0 4 2 2
91 9 0 0 0 0 0 0 0 0
92 9 0 0 0 0 0 0 0 0
93 4 0 0 4 0 0 4 1 1
94 57 0 0 48 0 0 48 1 1
96 9 0 0 0 0 0 0 0 0
fl=/build/buildd/glibc-2.21/string/../sysdeps/i386/i686/multiarch/../mempcpy.S
fn=__GI_mempcpy
40 2 1 1 2 0 0 0 0 0
41 2 0 0 0 0 0 0 0 0
43 2 0 0 2 0 0 0 0 0
44 2 0 0 0 0 0 0 0 0
46 2 0 0 2 0 0 0 0 0
47 2 0 0 0 0 0 0 0 0
48 2 0 0 0 0 0 0 0 0
49 2 0 0 0 0 0 0 0 0
50 2 0 0 2 0 0 2 0 0
51 2 0 0 0 0 0 0 0 0
52 2 0 0 0 0 0 0 0 0
54 2 0 0 0 0 0 0 0 0
56 2 0 0 0 0 0 0 0 0
58 2 0 0 0 0 0 0 0 0
61 2 0 0 2 0 0 0 0 0
fn=mempcpy
40 58 1 1 58 0 0 0 0 0
41 58 0 0 0 0 0 0 0 0
43 58 0 0 58 0 0 0 0 0
44 58 0 0 0 0 0 0 0 0
46 58 0 0 58 0 0 0 0 0
47 58 1 1 0 0 0 0 0 0
48 58 0 0 0 0 0 0 0 0
49 58 0 0 0 0 0 0 0 0
50 33 0 0 33 1 1 33 2 2
51 58 0 0 0 0 0 0 0 0
52 58 0 0 0 0 0 0 0 0
53 19 0 0 19 0 0 19 1 1
54 202 0 0 144 1 0 144 4 4
56 58 0 0 0 0 0 0 0 0
58 58 0 0 0 0 0 0 0 0
61 58 0 0 58 0 0 0 0 0
fl=/build/buildd/glibc-2.21/string/../sysdeps/i386/i686/multiarch/../memset.S
fn=memset
48 16 2 2 0 0 0 0 0 0
49 16 0 0 0 0 0 16 0 0
51 16 0 0 16 0 0 0 0 0
52 16 0 0 16 0 0 0 0 0
56 16 0 0 16 0 0 0 0 0
58 16 0 0 0 0 0 0 0 0
59 16 0 0 0 0 0 0 0 0
61 16 0 0 0 0 0 0 0 0
62 16 0 0 0 0 0 0 0 0
63 4 0 0 0 0 0 0 0 0
64 4 0 0 0 0 0 4 0 0
65 4 0 0 0 0 0 0 0 0
66 4 0 0 0 0 0 0 0 0
67 4 0 0 0 0 0 4 0 0
68 4 0 0 0 0 0 0 0 0
69 4 0 0 0 0 0 0 0 0
70 2 0 0 0 0 0 0 0 0
71 2 0 0 0 0 0 0 0 0
74 14 1 1 0 0 0 0 0 0
75 14 0 0 0 0 0 0 0 0
76 14 0 0 0 0 0 0 0 0
78 14 0 0 0 0 0 0 0 0
80 2044 0 0 0 0 0 2030 129 129
82 14 0 0 0 0 0 0 0 0
83 14 0 0 0 0 0 0 0 0
88 16 0 0 16 0 0 0 0 0
90 16 0 0 16 0 0 0 0 0
97 16 0 0 16 0 0 0 0 0
fl=/build/buildd/glibc-2.21/string/../sysdeps/i386/i686/multiarch/../strcmp.S
fn=strcmp
30 748 1 1 748 0 0 0 0 0
31 748 0 0 748 0 0 0 0 0
33 3329 0 0 3329 71 49 0 0 0
34 3329 0 0 3329 41 26 0 0 0
35 3329 0 0 0 0 0 0 0 0
36 2799 0 0 0 0 0 0 0 0
37 2799 0 0 0 0 0 0 0 0
38 2799 0 0 0 0 0 0 0 0
39 2799 0 0 0 0 0 0 0 0
41 218 0 0 0 0 0 0 0 0
44 218 0 0 218 0 0 0 0 0
46 530 0 0 0 0 0 0 0 0
47 530 1 1 0 0 0 0 0 0
48 530 0 0 0 0 0 0 0 0
50 530 0 0 530 0 0 0 0 0
fl=/build/buildd/glibc-2.21/string/../sysdeps/i386/i686/multiarch/memrchr.S
fn=memrchr
36 3 1 1 0 0 0 2 0 0
39 1 1 1 1 0 0 0 0 0
40 1 0 0 0 0 0 0 0 0
43 1 0 0 1 0 0 0 0 0
44 1 0 0 0 0 0 0 0 0
45 1 0 0 1 1 1 0 0 0
46 1 0 0 0 0 0 0 0 0
62 1 0 0 0 0 0 0 0 0
63 1 0 0 1 0 0 0 0 0
65 1 0 0 1 0 0 0 0 0
fl=/build/buildd/glibc-2.21/string/../sysdeps/i386/i686/multiarch/memset-sse2.S
fn=__memset_sse2
90 1 1 1 0 0 0 1 0 0
92 1 0 0 1 0 0 0 0 0
96 1 0 0 1 0 0 0 0 0
97 1 0 0 0 0 0 0 0 0
99 1 0 0 0 0 0 0 0 0
100 1 0 0 0 0 0 0 0 0
101 1 0 0 0 0 0 0 0 0
103 1 0 0 1 0 0 0 0 0
104 1 0 0 0 0 0 0 0 0
105 6 1 1 1 1 1 1 0 0
164 1 0 0 1 0 0 0 0 0
165 2 0 0 2 0 0 0 0 0
fl=/build/buildd/glibc-2.21/string/../sysdeps/i386/i686/multiarch/memset.S
fn=memset
30 3 1 1 0 0 0 2 0 0
34 1 0 0 1 1 0 0 0 0
35 1 0 0 0 0 0 0 0 0
37 1 0 0 0 0 0 0 0 0
38 1 1 1 1 0 0 0 0 0
39 1 0 0 0 0 0 0 0 0
40 1 0 0 0 0 0 0 0 0
41 1 0 0 1 1 0 0 0 0
42 1 0 0 0 0 0 0 0 0
44 1 0 0 1 0 0 0 0 0
47 1 0 0 1 0 0 0 0 0
fl=/build/buildd/glibc-2.21/string/../sysdeps/i386/i686/multiarch/strcat.S
fn=???
55 316 1 1 316 0 0 0 0 0
fl=/build/buildd/glibc-2.21/string/../sysdeps/i386/i686/multiarch/strncase.S
fn=strncasecmp
27 3 1 1 0 0 0 2 0 0
31 1 0 0 1 0 0 0 0 0
32 1 0 0 0 0 0 0 0 0
34 1 0 0 0 0 0 0 0 0
35 1 0 0 1 0 0 0 0 0
36 1 0 0 0 0 0 0 0 0
37 1 1 1 0 0 0 0 0 0
38 1 0 0 1 0 0 0 0 0
39 1 0 0 0 0 0 0 0 0
43 1 0 0 1 0 0 0 0 0
46 1 0 0 1 0 0 0 0 0
fl=/build/buildd/glibc-2.21/string/../sysdeps/i386/i686/multiarch/strnlen.S
fn=strnlen
28 3 1 1 0 0 0 2 0 0
32 1 0 0 1 1 1 0 0 0
33 1 0 0 0 0 0 0 0 0
34 1 0 0 0 0 0 1 0 0
35 1 0 0 0 0 0 0 0 0
36 1 0 0 1 0 0 0 0 0
37 1 0 0 0 0 0 0 0 0
38 1 0 0 0 0 0 0 0 0
39 1 0 0 1 0 0 0 0 0
42 1 0 0 1 0 0 0 0 0
fl=/build/buildd/glibc-2.21/string/../sysdeps/i386/strchrnul.S
fn=strchrnul
34 2 1 1 0 0 0 2 0 0
38 2 0 0 2 0 0 0 0 0
39 2 0 0 2 0 0 0 0 0
45 2 0 0 0 0 0 0 0 0
46 2 0 0 0 0 0 0 0 0
47 2 0 0 0 0 0 0 0 0
48 2 0 0 0 0 0 0 0 0
61 2 0 0 0 0 0 0 0 0
62 2 0 0 0 0 0 0 0 0
63 2 0 0 2 1 1 0 0 0
64 2 0 0 0 0 0 0 0 0
65 2 0 0 0 0 0 0 0 0
66 1 0 0 0 0 0 0 0 0
67 1 0 0 0 0 0 0 0 0
68 1 0 0 0 0 0 0 0 0
70 1 0 0 0 0 0 0 0 0
71 1 0 0 0 0 0 0 0 0
72 1 0 0 1 0 0 0 0 0
73 1 0 0 0 0 0 0 0 0
74 1 0 0 0 0 0 0 0 0
75 1 0 0 0 0 0 0 0 0
76 1 0 0 0 0 0 0 0 0
271 2 1 1 2 0 0 0 0 0
275 2 0 0 2 0 0 0 0 0
fl=/build/buildd/glibc-2.21/string/../sysdeps/x86_64/cacheinfo.c
fn=handle_intel
303 15 0 0 0 0 0 12 0 0
304 6 1 1 0 0 0 0 0 0
315 12 0 0 0 0 0 6 0 0
317 6 1 1 0 0 0 3 0 0
318 3 0 0 0 0 0 3 0 0
320 7 0 0 2 0 0 0 0 0
326 21 1 1 0 0 0 9 0 0
331 6 0 0 3 0 0 0 0 0
333 9 0 0 0 0 0 3 0 0
334 3 1 1 0 0 0 0 0 0
338 21 0 0 3 0 0 9 0 0
339 9 0 0 0 0 0 0 0 0
342 18 1 1 3 0 0 9 0 0
343 9 0 0 0 0 0 0 0 0
346 18 0 0 3 0 0 9 0 0
347 9 0 0 0 0 0 0 0 0
350 18 0 0 3 0 0 9 0 0
351 9 0 0 0 0 0 0 0 0
355 4 0 0 1 0 0 0 0 0
356 4 0 0 1 0 0 0 0 0
359 1 0 0 0 0 0 0 0 0
360 15 0 0 12 0 0 0 0 0
fn=init_cacheinfo
548 7 1 1 0 0 0 5 0 0
561 3 0 0 1 0 0 0 0 0
568 2 0 0 0 0 0 0 0 0
570 4 1 1 1 0 0 1 0 0
573 1 0 0 0 0 0 0 0 0
574 4 0 0 1 0 0 1 0 0
576 2 0 0 0 0 0 0 0 0
579 1 0 0 0 0 0 0 0 0
580 5 2 2 1 0 0 1 0 0
587 2 0 0 1 0 0 1 0 0
605 4 1 1 1 0 0 1 0 0
612 23 0 0 0 0 0 2 0 0
618 6 0 0 0 0 0 0 0 0
621 15 0 0 0 0 0 0 0 0
623 3 1 1 2 0 0 0 0 0
629 5 0 0 1 0 0 1 0 0
655 3 0 0 1 0 0 0 0 0
667 4 1 1 0 0 0 0 0 0
668 4 0 0 0 0 0 0 0 0
742 2 0 0 0 0 0 0 0 0
744 3 0 0 0 0 0 1 0 0
745 1 0 0 0 0 0 1 1 1
747 2 0 0 0 0 0 0 0 0
748 3 1 1 0 0 0 1 0 0
749 1 0 0 0 0 0 1 0 0
752 2 0 0 0 0 0 0 0 0
754 3 0 0 0 0 0 1 0 0
755 1 0 0 0 0 0 1 1 1
757 1 0 0 0 0 0 0 0 0
758 3 0 0 0 0 0 1 0 0
759 1 0 0 0 0 0 1 0 0
761 6 0 0 5 0 0 0 0 0
fn=intel_check_word
150 467 0 0 196 9 9 0 0 0
153 189 0 0 0 0 0 0 0 0
161 108 1 1 0 0 0 84 0 0
162 24 1 1 0 0 0 0 0 0
164 10 0 0 0 0 0 0 0 0
168 108 0 0 12 0 0 12 0 0
170 119 0 0 12 0 0 0 0 0
172 30 0 0 30 0 0 0 0 0
174 60 1 1 0 0 0 0 0 0
178 2 0 0 0 0 0 1 0 0
182 60 0 0 0 0 0 0 0 0
233 66 0 0 3 0 0 0 0 0
254 2 0 0 1 0 0 0 0 0
273 35 0 0 14 0 0 0 0 0
275 4 0 0 2 0 0 0 0 0
277 4 0 0 2 0 0 0 0 0
279 2 1 1 2 0 0 0 0 0
287 10 0 0 0 0 0 0 0 0
288 6 1 1 2 0 0 2 0 0
293 56 1 1 56 0 0 0 0 0
298 72 0 0 60 0 0 0 0 0
fl=/build/buildd/glibc-2.21/string/str-two-way.h
fn=critical_factorization
120 5 2 2 0 0 0 4 0 0
138 3 0 0 0 0 0 2 0 0
139 1 0 0 0 0 0 0 0 0
140 2 0 0 0 0 0 0 0 0
141 9 0 0 3 0 0 0 0 0
144 6 0 0 4 0 0 0 0 0
145 10 0 0 6 0 0 0 0 0
149 2 1 1 0 0 0 0 0 0
150 4 0 0 2 0 0 0 0 0
170 2 0 0 1 0 0 1 0 0
173 2 0 0 0 0 0 0 0 0
174 1 0 0 0 0 0 0 0 0
175 2 0 0 0 0 0 1 0 0
176 9 0 0 3 0 0 0 0 0
179 4 0 0 2 0 0 0 0 0
180 8 1 1 6 0 0 0 0 0
184 1 0 0 0 0 0 0 0 0
185 4 0 0 0 0 0 1 0 0
187 1 1 1 0 0 0 0 0 0
201 2 0 0 0 0 0 0 0 0
202 3 0 0 0 0 0 1 0 0
208 5 0 0 1 0 0 0 0 0
210 3 0 0 2 0 0 1 0 0
211 1 0 0 0 0 0 0 0 0
212 5 0 0 4 0 0 0 0 0
fn=strstr
236 8 1 1 1 0 0 3 0 0
240 12 1 1 1 0 0 5 0 0
284 5 1 1 3 0 0 1 0 0
287 4 0 0 2 0 0 1 0 0
292 5 0 0 1 0 0 1 0 0
293 16 1 1 4 0 0 5 0 0
299 9 0 0 1 0 0 3 0 0
312 2 0 0 1 0 0 0 0 0
313 2 0 0 1 0 0 0 0 0
325 3 1 1 1 0 0 1 0 0
330 6 1 1 2 0 0 1 0 0
331 4 0 0 1 0 0 0 0 0
333 7 1 1 4 0 0 0 0 0
334 2 0 0 1 0 0 0 0 0
344 2 0 0 0 0 0 1 0 0
345 5 1 1 2 0 0 1 0 0
346 3 0 0 2 0 0 0 0 0
347 4 1 1 0 0 0 0 0 0
349 11 0 0 3 0 0 2 0 0
350 1 0 0 1 0 0 0 0 0
358 3 0 0 2 0 0 0 0 0
fl=/build/buildd/glibc-2.21/string/strdup.c
fn=strdup
40 30 0 0 5 0 0 20 0 0
41 20 0 0 0 0 0 10 0 0
42 10 0 0 0 0 0 10 0 0
44 15 0 0 0 0 0 0 0 0
47 30 0 0 0 0 0 20 0 0
48 20 0 0 20 0 0 0 0 0
fl=/build/buildd/glibc-2.21/string/strstr.c
fn=strstr
53 8 2 2 1 0 0 5 0 0
63 28 0 0 9 1 1 0 0 0
64 15 1 1 0 0 0 0 0 0
67 4 0 0 0 0 0 0 0 0
72 2 0 0 1 0 0 0 0 0
73 10 1 1 2 0 0 4 0 0
74 4 0 0 0 0 0 0 0 0
76 2 0 0 0 0 0 1 0 0
77 1 0 0 0 0 0 0 0 0
78 6 0 0 0 0 0 1 0 0
83 2 0 0 0 0 0 0 0 0
89 6 0 0 5 0 0 0 0 0
fl=/build/buildd/glibc-2.21/wcsmbs/../sysdeps/i386/i686/multiarch/wcslen.S
fn=wcslen
28 3 1 1 0 0 0 2 0 0
32 1 0 0 1 0 0 0 0 0
33 1 0 0 0 0 0 0 0 0
35 1 0 0 0 0 0 0 0 0
36 1 1 1 1 0 0 0 0 0
37 1 0 0 0 0 0 0 0 0
38 1 0 0 0 0 0 0 0 0
39 1 0 0 1 0 0 0 0 0
42 1 0 0 1 0 0 0 0 0
fl=???
fn=???
0 1475 99 91 443 32 17 308 6 1
fn=__libc_csu_init
0 32 2 2 9 1 1 10 0 0
fn=__sched_cpucount
0 10 0 0 4 0 0 0 0 0
fn=__x86.get_pc_thunk.bx
0 6 1 1 6 0 0 0 0 0
fn=_dl_debug_initialize
0 1 0 0 0 0 0 0 0 0
fn=_dl_sysinfo_int80
0 53 0 0 26 0 0 0 0 0
fn=aloca
0 33 1 1 9 0 0 12 0 0
fn=desaloca
0 17 0 0 5 0 0 7 0 0
fn=inicializa
0 240000009 2 2 140000003 0 0 30000002 1875000 1875000
fn=main
0 63 4 4 22 1 1 34 1 1
fn=omp_get_wtime
0 50 3 3 18 3 3 14 1 1
fn=soma
0 190000012 2 2 100000004 1250002 1250002 10000003 625001 625001
summary: 430283815 1226 1210 240099306 1252736 1252086 40031667 2500406 2500370
